"DOY" "Depth" "C2N"
50 71.8 7.1487603305785
50 126.4 18.4166666666667
50 148.4 12.8318584070797
50 177.6 11.9672131147541
50 247.7 15.625
139 1.3 6.0294117647059
139 20.8 7.3
139 40.9 6.68941979522186
139 73.5 7.30941704035876
139 98.2 6.8014705882353
139 125.2 5.5023923444976
139 149.8 5.51020408163267
139 174.6 6.49350649350649
200 7.6 7.33788395904436
200 27.8 7.54152823920267
200 47.4 7.94478527607361
200 76.2 9.63302752293576
200 105 6.73728813559321
200 129.8 5.26829268292682
200 154.2 7.67123287671232
200 180.7 8.45238095238092
231 6.1 6.18296529968454
231 26.3 6.03448275862068
231 46.9 5.74193548387095
231 77.2 5.70422535211266
231 103.2 5.68181818181818
231 130.1 4.61187214611872
231 156.9 6.2295081967213
231 183.6 5.56701030927834
263 78 5.92964824120604
263 104.1 7.63713080168776
263 155.7 6.37931034482758
263 181 9.01098901098898
293 25.1 9.77961432506883
293 45.3 8.98089171974526
293 75.7 8.64541832669322
293 101.3 9.07643312101913
293 128.2 10.6698564593301
293 155.6 10.5714285714286
293 183.2 8.82352941176473
19 4.9 9.55801104972379
19 25.5 9.41176470588235
19 25.4 10.8
19 25.6 9.31034482758624
19 46.1 8.61111111111108
19 75.6 8.17708333333335
19 102.1 11.0091743119266
19 102 11.9791666666667
19 126.7 11.9047619047619
19 154 9.27536231884058
19 179.5 9.34426229508198
50 6.4 6.74418604651161
50 25.6 7.45019920318727
50 45.9 6.91176470588234
50 76.1 6.63082437275985
50 125.9 8.36601307189543
50 153.3 9.40476190476187
50 178.8 12.4489795918367
78 4.7 6.46853146853145
78 24.6 6.66666666666667
78 44.2 6.67832167832168
78 73.7 4.6
78 104.3 6.36029411764704
78 128.9 5.55555555555556
78 152.2 5.98484848484847
78 176 4.87394957983194
109 6.4 6.73333333333331
109 6.3 6.54723127035831
110 6.3 6.87898089171976
110 31.1 6.84039087947884
110 31 7.00636942675158
110 45.6 6.45051194539249
110 75.7 7.26086956521737
110 101.5 7.03703703703702
110 143.2 5.74712643678161
110 152.8 5.4248366013072
110 177.2 5.75757575757575
139 8.2 6.16822429906543
139 28 6.24324324324325
139 48.8 6.80597014925371
139 79.6 6.35514018691587
139 105.3 6.26666666666668
139 130.7 6.2874251497006
139 155.6 6.63865546218488
139 181.6 5.81632653061223
170 11.5 7.46666666666669
170 27.3 7.67515923566881
170 47.4 7.33918128654972
170 78.1 7.29641693811077
170 104 7.2573839662447
170 129.4 6.51162790697673
170 154.7 6.66666666666667
170 180.2 6.51785714285712
200 6 5.33854166666666
200 27 5.45945945945946
200 46.3 6.30372492836675
200 102.3 5.83617747440273
200 130.5 5.88235294117647
200 154.7 5.97122302158274
200 185.6 5.61224489795919
353 6.6 6.66666666666667
353 28.5 6.31147540983608
353 45.7 6.37130801687764
353 76.5 6.03375527426159
353 102 6.60194174757282
353 128.3 5.46762589928058
353 154.1 5.61224489795919
353 177.3 5.71428571428571
50 6.9 8.42105263157895
50 26.6 9.57446808510642
50 26.6 8.17679558011052
50 46.5 8.05128205128205
50 76.2 8.08510638297871
50 105.7 7.18562874251495
50 105.7 7.52873563218391
50 129.7 6.96969696969698
50 157.4 7.40259740259738
50 179.3 7.2857142857143
78 14.9 6.27240143369177
78 30.8 6.64150943396226
78 48 6.2608695652174
78 77.9 6.10655737704918
78 106.7 6.13043478260868
78 127.4 6.95652173913044
78 155.2 6.43939393939393
78 175.6 6.28571428571429
109 7.6 6.77419354838708
109 28.8 6.95804195804196
109 47.9 7.16666666666668
109 77.3 6.22641509433961
109 101.6 6.58703071672354
109 111.4 7.65734265734266
109 118.7 4.8605577689243
109 129.2 6.75105485232067
109 156 5.54621848739497
109 182.4 4.73214285714286
109 13 6.03333333333334
109 13.1 7.0220588235294
109 13.1 6.8100358422939
109 12.9 6.83018867924526
140 79 4.59854014598541
140 105.2 5.55223880597016
140 129.9 6.17834394904458
140 156.7 6.18705035971224
140 182.4 6.63865546218488
140 182.4 5.54621848739497
171 26.2 8.79245283018869
171 48.5 8.97058823529408
171 78.5 5.07726269315674
171 103.3 8.70813397129185
171 119.1 6.13970588235294
171 128.7 14.1836734693877
171 140.9 11.7142857142857
171 155.2 9.14285714285714
171 182.3 8.90109890109887
200 6.1 6.09411764705883
200 27.1 5.5925155925156
200 49.1 6.02649006622516
200 78.1 4.28256070640177
200 106.1 5.99264705882352
200 128.9 6.46341463414636
200 155.4 4.9537037037037
200 181.5 4.77011494252875
231 8.3 8.64150943396228
231 24 6.75675675675676
231 44.6 8.88111888111891
231 62.7 6.41089108910891
231 80.1 7.96178343949045
231 102.6 9.80392156862745
231 144.4 7.84172661870501
231 156 11.4285714285714
231 179.6 8.68131868131865
262 27 8.01007556675066
292 6.7 16.7547169811321
292 26.2 7.07462686567165
292 46.2 5.36885245901639
292 76.9 6.38436482084693
292 101.5 5.25597269624574
292 122 4.82608695652174
292 127.1 4.47826086956523
292 150.8 5.71428571428571
292 175.9 6.80672268907561
353 6.8 8.39160839160837
353 151.1 5.95890410958904
353 176.2 11
50 27.2 6.51465798045603
50 47.4 5.72727272727271
50 78.1 6.353591160221
50 83.5 5.74468085106383
50 124.3 26.0714285714286
50 134.2 18.3333333333333
50 154.6 7.58928571428571
50 184.8 7.04761904761904
170 8.6 8.71287128712873
170 28.5 8.29059829059829
170 47.5 9.05829596412559
170 77.4 8.43049327354258
170 103.7 8.27027027027024
170 129 7.91666666666668
170 154.4 9.34065934065932
201 25.5 8.97610921501706
201 25.6 9.42652329749105
201 73.2 7.41025641025642
201 101.1 7.81758957654721
201 124.5 9.21296296296298
201 129.4 7.69230769230769
201 134.3 10.1538461538462
201 140.2 10.7913669064748
201 150.3 8.93939393939394
201 177.2 9.12087912087916
201 248.8 9.87012987012989
200 50.9 7.22921914357684
200 50.8 6.81564245810055
200 50.7 6.88829787234043
200 135.8 8.71794871794873
200 135.8 10.1307189542484
200 135.8 10.2994011976048
231 29.6 5.38461538461538
231 49.1 5.66909975669099
231 79.3 5.27220630372494
231 104.4 5.12396694214875
231 128.6 7.50000000000002
231 155.4 6.16000000000001
231 179.6 7.34693877551021
19 4.3 5.48387096774192
19 25 5.54140127388534
19 45.1 5.43973941368079
19 72.6 4.67289719626168
19 99.8 4.66417910447761
19 120.6 4.63114754098361
19 145.5 5.89041095890411
19 177.2 5.3061224489796
19 239.7 6.26373626373625
50 6.8 4.46629213483147
50 24.6 4.86338797814207
50 44.8 5.36523929471032
50 60.3 4.71794871794873
50 65 5.19138755980861
50 71 4.59530026109661
50 80.3 7.50000000000002
50 95.2 6.64893617021277
50 100.5 5.84269662921349
50 105.4 6.07734806629833
50 125.2 4.3884892086331
50 150.6 6.42857142857141
50 169.9 6.75324675324676
109 5.5 5
109 28.6 5.09138381201045
109 28 4.83783783783784
109 44.8 4.76608187134504
109 74.6 4.35820895522387
109 89.7 5
109 99.8 5.31486146095716
109 99.8 4.58974358974359
109 109 5.1338199513382
109 126 4.64968152866242
109 140.5 3.8
109 148.2 5.63829787234042
109 174.1 4.04109589041096
109 243.2 3.125
140 7.2 12.1666666666667
140 27.5 6.77524429967426
140 48.2 5.61181434599158
140 48.2 6.01398601398601
140 78.7 6.29999999999999
140 78.8 6.04095563139931
140 103.8 6.15635179153096
140 121.3 5.66037735849056
140 174.8 6.89075630252102
140 212.6 6.78571428571427
262 7 6.43333333333333
262 25.5 6.4968152866242
262 25.2 6.656050955414
262 47 6.46496815286624
262 76.8 6.25730994152045
262 98.7 6.43333333333333
262 98.8 5.52238805970149
262 122.5 5.49180327868852
262 149.4 5.74850299401199
262 177.4 7.14285714285714
292 7.3 3.74622356495468
292 27.4 5.87467362924283
292 50.1 4.79923518164436
292 55.9 5.69190600522195
292 74 4.62962962962963
292 90.6 4.73804100227791
292 100.4 4.46280991735537
292 104.8 2.9173166926677
292 109.5 3.26388888888889
292 113.9 4.01766004415011
292 125.2 3.00168634064081
292 150.8 5.02994011976047
292 174.5 3.71257485029941
19 6.9 7.26086956521737
19 12.6 7.67932489451478
19 27.6 6.54708520179373
19 46.4 7.54098360655737
19 62.8 7.40740740740741
19 72.9 6.81614349775787
19 84.9 8.57142857142855
19 99.3 6.20253164556963
19 116.2 6.75000000000001
19 175.9 6.48351648351649
19 246.6 7.30158730158732
19 6.8 7.32558139534881
19 25.5 6.86666666666667
19 53.4 8.22784810126579
19 76.9 6.41434262948209
19 101.1 6.4705882352941
19 101.8 6.15384615384615
19 101.9 7.3053892215569
19 127.1 6.24000000000001
19 150.6 5.968992248062
19 173.7 7.02380952380953
50 5.5 7.29641693811077
50 25.2 6.71974522292995
50 44.8 6.62116040955629
50 69.8 6.9485294117647
50 74.8 6.58703071672354
50 100.1 6.8503937007874
50 126.3 6.38766519823789
50 149.8 5.34653465346535
50 176.1 10.5714285714286
78 5.6 6.76470588235293
78 25.4 6.98924731182796
78 45.6 7.0955882352941
78 75.3 6.71974522292995
78 100.6 6.30824372759858
78 126.2 6.04651162790699
78 140.8 6.43442622950822
78 147.1 5.93301435406699
78 175.7 6.43835616438357
170 25.5 8.67924528301885
170 46.3 8.84328358208958
170 49.2 8.26666666666666
170 75 8.6319218241042
170 113.9 8.81720430107531
170 132.9 8.03333333333332
170 150.5 9.10958904109586
170 175.8 8.75000000000002
170 249.5 9.78021978021978
200 4.8 11.7313432835821
200 25.3 8.71287128712873
200 46 7.64102564102561
200 75.2 7.07462686567165
200 90.3 6.87134502923977
200 100.5 6.10591900311525
200 110.7 5.95541401273885
200 125.6 6.01398601398601
200 150.7 5.91836734693879
200 174.5 7.57575757575758
231 4.7 7.04641350210969
231 25.2 5.91304347826085
231 44.5 6.04584527220629
231 75.2 6.18823529411765
231 94.2 5.90425531914895
231 100.4 5.54517133956388
231 104.7 5.54878048780489
231 109.7 5.3582554517134
231 114.8 5.66037735849056
231 125 4.85232067510549
231 149.8 5
231 174.8 5.60606060606062
231 249.6 5.49450549450549
231 5.5 6.41744548286603
231 24.7 6.91460055096419
231 45.4 7.06293706293704
231 76.1 7.19512195121949
231 101.5 6.73333333333331
231 125.6 6.22641509433961
231 151.1 6.37931034482758
231 178.5 5.82191780821918
262 5.5 6.21019108280255
262 24.7 6.7283950617284
262 45.6 6.62686567164179
262 75.1 6.46341463414636
262 99.5 6.64335664335663
262 109.9 6.20000000000001
262 114.5 6.15635179153096
262 119.6 6.17834394904458
262 125 5.94405594405595
262 129.6 6.45569620253163
262 150.5 6.09589041095889
262 175.5 5.88235294117647
292 5 6.3970588235294
292 25.6 6.9204152249135
292 45.2 7.31617647058824
292 75.3 6.69999999999998
292 100.1 5.94059405940595
292 105.2 5.52447552447553
292 109.3 5.0188679245283
292 115.9 4.82071713147409
292 120.2 4.65116279069767
292 125.1 5.52173913043479
292 149.8 5.89285714285713
292 174.9 5.81632653061223
323 5.6 6.41255605381166
323 25.4 7.69230769230769
323 45.3 6.45051194539249
323 76.2 6.31399317406145
323 93.8 6.24472573839663
323 110.8 5.77272727272727
323 127.6 4.93750000000001
323 152.9 6.28571428571429
323 183 6.90476190476188
79 4.8 7.54629629629629
79 25.2 7.66990291262136
79 46 6.69565217391306
79 74.9 7.07920792079209
79 102.9 6.555023923445
79 127.3 6.74242424242424
79 147.1 5.99999999999999
79 173.8 6.49350649350649
79 25 6.69117647058826
79 45.4 7.34782608695652
79 249.6 13.1428571428571
109 5.3 2.63610315186247
109 24.7 3.15
109 45.1 4.25925925925926
109 75.3 4.06649616368286
109 99.4 3.99026763990268
109 109.5 4.67048710601719
109 124.9 3.97014925373135
109 140.1 3.7984496124031
109 149.9 3.90134529147982
109 159.9 4.5751633986928
109 175.4 4.3884892086331
139 4.7 6.55487804878048
139 25 6.9204152249135
139 44.9 6.61237785016287
139 100.9 6.4705882352941
139 125.6 5.63535911602209
139 159.3 5.83999999999999
139 174.1 6.57534246575344
139 249.7 6.75324675324676
139 74.8 7.08860759493669
200 99.9 3.28094302554027
200 125.1 5.09146341463413
200 149.6 6.10778443113774
200 174.9 6.31250000000002
200 249.8 6.04395604395606
232 4.7 6.56666666666666
232 9.8 6.06666666666666
232 24.5 6.38888888888888
232 44.1 6.5497076023392
232 59.3 6.29242819843343
232 74.4 6.30372492836675
232 91.3 6.21323529411765
232 108.4 6.34408602150537
232 129.2 6.65071770334928
232 139.7 5.88235294117647
232 149.8 7.23809523809524
232 175.4 6.26373626373625
262 4.2 7.01195219123508
262 24.8 7.09219858156028
262 45.2 6.87296416938109
262 74 6.4179104477612
262 100 5.82317073170733
262 124.6 5.8744394618834
262 149.4 6.42857142857141
262 174.5 7.33333333333335
292 5.1 6.74157303370788
292 25 6.93548387096774
292 44.7 6.91011235955054
292 75.3 6.5109034267913
292 89.3 6.29370629370629
292 99.5 6.09318996415769
292 104.1 6.21323529411765
292 114.6 6.2200956937799
292 124.5 6.79738562091501
292 149.3 6.90476190476188
292 174.5 6.81318681318682
292 199.5 7.01298701298699
292 249.7 7.93650793650794
324 4.3 6.01910828025478
324 25.1 6.12804878048781
324 44.8 6.45569620253163
324 74.5 6.27240143369177
324 93.8 5.69721115537847
324 99.3 5.5813953488372
324 110.3 5.53846153846153
324 124.6 6.07843137254902
324 149.9 6.28571428571429
324 175.7 6.42857142857141
324 25.2 7.22560975609755
324 44.7 6.98830409356727
324 99.2 6.76567656765674
323 4.6 6.19937694704048
323 24.6 4.34426229508197
323 44.9 6.55290102389077
323 74.2 6.16487455197134
323 104.7 5.49800796812747
19 4.5 4.96163682864451
19 24 5.57103064066852
19 43.6 5.64231738035264
19 74.8 5.15759312320917
19 84.2 5.01377410468321
19 89.1 4.86486486486485
19 94.1 4.49438202247191
19 99.2 4.47580645161291
19 104.4 4.30278884462152
19 125.5 3.9108910891089
19 150 4.53237410071942
19 174.1 4.70588235294118
19 249.8 4.38095238095239
78 5.2 6.31782945736434
78 24.7 6.31921824104236
78 44.3 5.45945945945946
78 74.7 5.57632398753896
78 100.1 5.60260586319219
78 125.1 5.7309941520468
78 148.6 5.75163398692812
78 174.8 8.09523809523809
78 249.7 4.76190476190476
79 8.9 5.57986870897155
79 59.6 5.55873925501432
79 74.3 4.27492447129909
79 249.5 5.47619047619047
109 4.6 4.76082004555809
109 25 5.19607843137256
109 44.9 6.11570247933886
109 74.6 6.29850746268658
109 99.6 5.69965870307168
109 124.2 5.87030716723551
109 134.3 6.38297872340424
109 150.5 7.32876712328768
109 174.9 7.47252747252746
139 4.4 7.19745222929937
139 24.8 7.85488958990537
139 45 7.96178343949045
139 74.3 8.08823529411762
139 99.2 7.46835443037973
139 104.7 6.87500000000002
139 129.8 6.09561752988049
139 149.4 7.00598802395208
139 175.5 6.66666666666667
139 248.8 8.92857142857143
170 4.7 6.02985074626865
170 25.4 6.00550964187328
170 44.9 5.80901856763926
170 74.5 6.0136674259681
170 99.3 5.51569506726458
170 124.7 5.58641975308643
170 140.2 5.66037735849056
170 149.3 5.88516746411483
170 160.5 6.10778443113774
170 176.2 6.47482014388491
200 4.3 6.98830409356727
200 24.1 7.16417910447763
200 45.5 7.08641975308643
200 74.3 7.25641025641025
200 99.6 6.48936170212765
200 124.5 5.77519379844963
200 149.5 6.1494252873563
200 175.2 7.1223021582734
232 5 8.09999999999999
232 24.6 7.96296296296298
232 44.7 7.95321637426901
232 74.5 7.77358490566038
232 89.9 7.50000000000002
232 99.7 7.24014336917563
232 109.6 7.39910313901346
232 119.4 7.2972972972973
232 130.1 8.31250000000002
232 149.2 6.96428571428569
232 175 7.69230769230769
292 3.9 7.92682926829269
292 23.7 6.37462235649547
292 43.4 6.56716417910449
292 74.5 5.63517915309446
292 99.6 5.35849056603774
292 109.1 5.82914572864322
292 124 5.74712643678161
292 149.4 6.96428571428569
292 175 6.26373626373625
292 249 6.62337662337661
292 4.1 6.83333333333334
292 24.7 6.70212765957448
292 44.6 6.77524429967426
292 73.6 6.25730994152045
292 98.4 5.97633136094676
292 124.5 6.03375527426159
292 150.1 7.2549019607843
292 175.1 6.34920634920635
353 4.1 12.4550898203593
353 23.9 12.03125
353 44.3 12.814371257485
353 74.7 10.8717948717949
353 100 11.0674157303371
353 124.1 14.6153846153846
19 5 7.42738589211618
19 24.8 8.04780876494026
19 44.6 6.78260869565219
19 74.4 7.02508960573478
19 101.2 6.51282051282052
19 125.1 5.07575757575758
19 149.7 6.83673469387755
19 174 5.95238095238095
19 249.8 6.34920634920635
50 5.2 6.49056603773587
50 25.3 7.08955223880599
50 44.1 5.44585987261147
50 74.5 7.39130434782608
50 99.8 6.52329749103944
50 115.3 5.38461538461538
50 119.6 5.93023255813954
50 124.1 5.39130434782609
50 150.1 6.25
50 174.6 6.73202614379087
78 4.5 7.2573839662447
78 24.4 7.10000000000001
78 44.7 7.22580645161291
78 74.7 7.20588235294116
78 99.5 6.68032786885247
78 119.6 6.5359477124183
78 149.5 6.78571428571427
78 174.8 7.73809523809525
78 249.7 7.32142857142855
110 25.4 6.36963696369636
110 75.3 5.70149253731343
110 99.6 4.52247191011236
110 125.3 3.75527426160337
110 150.7 4.6031746031746
110 176.2 4.64285714285715
139 4.2 7.51196172248805
139 24.2 6.87296416938109
139 44.9 7.06093189964155
139 74.5 8.02690582959642
139 99.3 6.17021276595746
139 124.9 6.89814814814816
139 150.2 6.60714285714287
139 174.7 5.91836734693879
170 4.7 6.91756272401434
170 25 6.64634146341465
170 45 6.86006825938566
170 75 6.94704049844238
170 100 6.65615141955834
170 139.4 4.688995215311
170 148.8 5.71428571428571
170 175.8 5.89285714285713
170 249.3 6.57142857142858
171 125.1 5.7643312101911
201 24.5 8.5658914728682
201 44.4 7.7215189873418
201 74.2 7.0955882352941
201 99.8 5.99999999999999
201 150 6.14754098360654
201 174.2 4.5049504950495
201 249.4 5.62499999999999
231 4.1 6.63911845730028
231 25.2 6.97050938337804
231 45.6 6.68407310704961
231 74.9 6.69590643274853
231 100.2 6.13026819923372
231 125.3 7.57575757575758
231 150.3 6.78571428571427
231 175.1 6.75324675324676
231 249.4 7.14285714285714
262 5 8.08988764044945
262 24.3 5.5300859598854
262 44 5.33333333333333
262 74.8 6.03406326034063
262 99.6 5.32637075718015
262 126.5 4.60365853658536
262 151.5 5.48717948717948
262 175 4.6031746031746
353 4.9 4.2051282051282
353 25.5 3.90862944162436
353 43.6 4.18338108882521
353 75.3 4.56756756756756
353 100.2 4.28198433420365
353 125.2 3.77049180327869
353 149.4 4.53237410071942
353 176 4.68253968253969
353 250 4.28571428571429
19 5.4 6.45161290322581
19 25 6.6804979253112
19 47.1 6.61764705882353
19 101 6.15094339622643
19 125.3 6.1878453038674
19 151.8 6.05042016806722
19 174.6 6.49350649350649
19 75.2 6.8354430379747
50 5.1 8.30434782608697
50 25.2 7.06666666666667
50 45.3 7.35849056603773
50 74.8 7.73913043478263
50 99.7 7.35973597359738
50 125.3 7.26618705035969
50 149.4 7.14285714285714
50 175.9 6.54761904761904
78 5.4 7.75735294117648
78 24.8 8.7341772151899
78 44.6 8.1818181818182
78 74.3 7.6872964169381
78 99.6 6.95804195804196
78 125.7 7.92079207920792
78 150.8 7.45098039215689
78 174.6 7.50000000000002
109 5.1 8.2641509433962
109 25.5 7.40614334470992
109 150 4.34782608695652
109 174.6 4.91017964071856
140 5.2 6.62447257383966
140 24.8 6.62790697674419
140 44.9 6.82170542635659
140 74.5 6.60377358490568
140 99.2 6.5587044534413
140 124.8 6.29999999999999
140 150.7 6.14349775784754
140 174.4 6.2121212121212
170 4.9 7.8853046594982
170 24.6 7.76666666666666
170 45 7.91277258566975
170 75.1 7.41433021806853
170 109.8 7.16599190283401
170 124.9 6.97674418604653
170 149.1 7.42424242424245
170 174.1 6.42857142857141
200 4.5 8.2720588235294
200 25.4 8.35125448028676
200 44.9 7.7485380116959
200 75.3 8.41911764705884
200 99.4 7.65217391304349
200 125.7 7.80590717299579
200 150.1 7.18562874251495
200 174.9 7.61904761904762
231 5.2 8.31683168316833
231 25.2 8.80778588807786
231 45.3 7.77227722772275
231 74.9 7.58196721311475
231 100.1 6.56410256410256
231 125.1 6.80672268907561
231 149.4 7.50000000000002
231 175.3 6.42857142857141
263 5.2 7.43902439024389
263 25.6 7.7910447761194
263 75.4 7.49185667752444
263 75.4 7.74390243902436
263 100.1 7.50957854406133
263 125.1 6.32911392405063
263 149.9 6.72268907563025
263 175.2 6.42857142857141
292 5.6 6.73333333333331
292 25.2 6.86468646864686
292 44.9 8.56603773584905
292 75.5 8.0514705882353
292 99.9 6.84813753581664
292 125.3 6.82170542635659
292 150.7 6.49999999999999
292 175.1 6.25899280575539
323 4.8 6.90566037735849
323 25.1 6.82835820895522
323 44.9 6.89243027888447
323 74.9 6.43333333333333
323 99.3 6.30434782608697
323 125.4 6.27450980392157
323 149.7 6.28571428571429
323 175.8 6.26373626373625
354 5.5 6.08187134502924
354 26.1 6.15635179153096
354 44.9 5.73289902280131
354 75.3 5.38216560509555
354 100.8 5.03184713375796
354 126.8 4.78468899521531
354 150.9 5.30303030303029
354 175.6 5.0420168067227
354 249.5 4.88095238095238
19 5.7 6.41693811074917
19 25.9 6.46376811594204
19 45.7 6.16959064327486
19 75.8 6.1433447098976
19 100.7 5.16363636363636
19 125.5 4.84304932735427
19 150.7 5.26595744680851
19 175.9 5.16339869281047
50 5.4 6.66666666666667
50 25.2 6.46864686468646
50 44.6 6.59498207885303
50 75.2 5.73289902280131
50 100.6 6.45522388059701
50 125.7 6.30434782608697
50 151.3 5.32407407407407
79 5.6 6.07476635514017
79 24.9 6.52866242038217
79 45.9 6.36103151862465
79 76.8 10.1628664495114
79 101.1 6.15384615384615
79 125.3 5.94405594405595
79 152.3 5.83333333333335
79 176 5.49019607843138
109 4.9 6.53386454183266
109 25.4 6.56666666666666
109 44.8 6.656050955414
109 75.1 6.28664495114008
109 99.6 6.28398791540787
109 125.7 5.69721115537847
109 150.3 6.01063829787235
109 175 5.81250000000001
109 249.5 6.4705882352941
139 7.3 8.38235294117648
139 27 11.993006993007
139 47.2 15.7342657342657
139 76.7 8.85245901639344
139 101.5 8.60557768924301
139 125.4 11.0526315789474
139 149.9 8.57142857142855
139 173.8 10.2597402597403
139 246.4 10.6122448979592
200 4.6 8.39590443686004
200 24.6 8.69706840390877
200 45.2 8.76221498371332
200 75.3 9.12772585669782
200 99.6 8.33753148614609
200 124.3 8.94339622641511
200 149.7 7.12871287128712
200 174.7 6.986301369863
200 249.8 8.70129870129873
231 25 7.62057877813506
231 44.7 8.08252427184464
231 75 7.13414634146342
231 99.7 6.74911660777384
231 124.6 6.09318996415769
231 150.5 6.96969696969698
231 175.6 6.31999999999999
231 249.1 8.88888888888889
292 24.5 7.92531120331951
292 44.7 6.8627450980392
292 74.2 6.97318007662837
292 98.9 6.86098654708521
292 124.2 7.09677419354838
292 149.7 6.38655462184874
292 174.7 5.90909090909092
292 249.4 6.88888888888887
324 4.4 7.83269961977188
324 23.9 8.13559322033896
324 43.9 8.12500000000001
324 73.7 7.58333333333333
324 99.1 6.85950413223143
324 125.1 8.42465753424657
324 149.6 8.31858407079645
324 176.3 6.55555555555555
353 5.3 7.72058823529409
353 24.8 7.06666666666667
353 44.6 7.30434782608695
353 75.1 6.54723127035831
353 100.6 7.12962962962964
353 125.3 7.36263736263737
353 150.2 6.32653061224491
353 174.8 7.02380952380953
51 4.3 7.66816143497759
51 24.7 7.28744939271256
51 44.9 7.67932489451478
51 74.4 7.39130434782608
51 98.7 7.36434108527129
51 123.8 6.79558011049726
51 149.4 7.22488038277512
51 174.9 5.5952380952381
51 4.5 6.88524590163936
51 25.5 6.3970588235294
51 44.6 7.13207547169812
51 76.2 7.41803278688525
51 98.8 6.45669291338582
51 124.2 6.74641148325358
51 149.8 7.19424460431655
51 175.3 5.61224489795919
80 5.1 10
80 25 8.92720306513412
80 45.3 8.46456692913385
80 74 8.12500000000001
80 100.6 7.79342723004696
80 125.3 7.93548387096772
80 149 8
80 173.9 7.38095238095238
80 249.8 8.50000000000003
110 4.2 8.42741935483869
110 24.8 9.96296296296295
110 45.4 8.7301587301587
110 75.3 8.3467741935484
110 99.7 7.50915750915751
110 149.8 8.01282051282051
110 174.3 9.61904761904762
110 250 14.4444444444444
110 124.1 7.07182320441989
140 4.3 6.54545454545454
140 24.2 6.33561643835616
140 43.9 6.82274247491641
140 74.6 6.45484949832776
140 99.2 6.00840336134455
140 124.1 5.66308243727597
140 148.5 5.86956521739132
140 175.8 5.58823529411764
172 3.9 7.65498652291107
172 29.6 8.64341085271318
172 44 6.57243816254415
172 74 6.20967741935484
172 99.4 5.92760180995475
172 123.6 5.42288557213929
172 149.1 6.73758865248227
172 174.2 6.66666666666667
172 249.5 6.61016949152544
201 3.6 7.51773049645392
201 249.5 7.7049180327869
201 124.2 5.59405940594058
201 148.2 5.91463414634145
201 175.2 5.60747663551403
201 4.4 7.43362831858405
201 14.3 7.15384615384616
201 24.3 7.44813278008301
201 59.5 7.05215419501132
201 104.3 6.57142857142858
201 150.2 5.86206896551723
232 5.2 6.65289256198348
232 25.3 6.46840148698886
232 44.6 6.66666666666667
232 74.2 6.55797101449275
232 100 5.89041095890411
232 125 5.6711409395973
232 149.7 6.0294117647059
232 175.6 6.12903225806452
293 4.6 7.42307692307691
293 24.9 6.53284671532847
293 45.3 6.64150943396226
293 74.4 6.54255319148934
293 99.1 5.57603686635944
293 124.4 5.88607594936707
293 148.8 5.70175438596493
293 175.8 5.57142857142859
324 4.7 6.16187989556137
324 24.7 6.72131147540984
324 44.6 6.90140845070425
324 74.8 6.28070175438597
324 100.3 5.76512455516014
324 125.2 5.95628415300546
324 174.2 5.42553191489362
324 199.2 5.84415584415585
324 249.7 6.11940298507464
355 4.3 6.60079051383399
355 23.9 6.79841897233201
355 44.6 6.52014652014652
355 74.7 5.96837944664032
355 98.7 5.3125
355 124.1 5.70707070707071
355 150.9 5.32786885245901
355 175.4 5.23809523809524
355 200.3 5.64705882352942
355 249.1 5.57692307692308
20 3.9 5.62248995983935
20 24 5.65040650406504
20 43.8 5.63758389261746
20 73.3 5.44776119402986
20 100.3 5.50847457627117
20 122.8 5.73529411764707
20 149.7 5.56390977443608
20 174.6 5.33898305084747
20 199 5.28735632183907
20 248.7 6.71052631578948
51 24.4 5.62248995983935
51 44.6 5.89641434262947
51 74 5.695067264574
51 99 8.13084112149536
51 125.4 5.65573770491802
51 148.5 5.80000000000001
51 174.9 5.75471698113207
51 199.3 5.53571428571427
51 249.3 6.4
79 75.4 5.64
79 3.6 6.74418604651161
79 24.6 6.32812499999999
79 43.7 6.75675675675676
79 74.8 5.93283582089552
79 99.1 6.22317596566523
79 123.1 5.850622406639
79 149 6.05504587155964
79 173.7 5.94059405940595
79 199.3 5.67901234567902
110 3.6 5.89958158995815
110 23.7 5.98290598290599
110 43.6 6.17021276595746
110 73.3 6.03015075376886
110 98.9 5.85774058577405
110 125.3 6.09243697478991
110 149.5 5.61576354679801
110 173.3 5.61538461538461
110 198 5.87628865979382
110 249.2 6.31578947368422
140 4.8 6.61073825503355
140 24.1 6.69999999999998
140 44.7 6.33734939759035
140 99.5 6.15720524017465
140 124.2 6.06194690265487
140 149.4 6.18055555555555
140 175.6 6.37362637362637
140 200.3 6.2121212121212
140 249.5 6.25
171 3.7 7.02290076335878
171 23.3 7.11382113821136
171 44.4 7.70072992700732
171 73.4 6.93181818181819
171 98.6 6.38655462184874
171 124.6 5.84615384615386
171 147.9 6.48648648648647
171 174 6.49484536082474
171 198.8 5.60606060606062
201 4 6.88212927756654
201 24.9 7.08333333333335
201 44 6.86131386861313
201 74.2 6.38297872340424
201 98.8 5.83333333333335
201 124.3 6.25
201 149.5 6.57894736842105
201 174.3 6.5217391304348
201 199.5 6.07142857142858
201 249 7.03125000000001
232 4.6 7.70562770562773
232 25.1 8.15181518151815
232 44.3 8.48684210526316
232 74.5 7.90613718411554
232 99.2 7.05882352941175
232 124 8.23204419889503
232 149.7 7.96296296296298
232 174.7 7.92682926829269
232 199.6 9.2
293 4.7 8.26530612244896
293 25.1 8.56666666666664
293 44.9 8.16901408450706
293 75.9 7.71863117870725
293 100 7.30337078651685
293 125.1 6.70454545454547
293 149.6 7.5609756097561
293 174.3 6.89320388349516
293 200.8 7.46835443037973
293 5 8.26302729528536
293 26.5 8.51219512195124
293 45.4 7.98429319371729
293 75.5 6.53979238754325
293 100.1 7.31404958677686
293 124.7 7.46031746031748
293 150.1 6.45161290322581
293 174.3 8.35443037974681
293 201.7 7.55102040816329
324 3.9 7.06070287539937
324 43.6 8
324 74.1 6.578073089701
324 98.9 6.21722846441947
324 125.2 5.65934065934065
324 150.9 6.28318584070796
324 172.4 7.26315789473683
324 199.3 5.35714285714285
324 249.7 6.57142857142858
354 4.3 6.80451127819548
354 26.2 6.49056603773587
354 44.6 6.7181467181467
354 75.7 6.52985074626866
354 99.7 6.48148148148149
354 125.7 6.45454545454544
354 149.1 6.16279069767443
354 176.3 5.83333333333335
354 199.5 6.30769230769229
20 4.9 7.60869565217394
20 23.7 7.51937984496127
20 45 7.03007518796992
20 74.3 7.29166666666667
20 98.6 6.88461538461537
20 125.7 6.7063492063492
20 150.3 6.18279569892472
20 173.6 5.59055118110235
20 199 6.70329670329672
20 248.7 6.66666666666667
51 4.5 7.83333333333334
51 24.5 8.13953488372092
51 44.2 7.6470588235294
51 75.8 8.06167400881054
51 98.9 6.62280701754385
51 123.8 6.95035460992909
51 149.2 6.69999999999998
51 175.4 6.49999999999999
51 198.1 6.66666666666667
79 4.6 7.1923076923077
79 24.6 7.593984962406
79 44.5 7.93774319066146
79 74.8 8.51711026615972
79 99.8 6.21276595744681
79 124.3 6.231884057971
79 148.5 6.25806451612902
79 173.9 6.59999999999998
79 199.5 6.15384615384615
79 249.1 6.5217391304348
140 4.3 6.81318681318682
140 25.2 6.64206642066419
140 44.9 6.64516129032257
140 75.1 7.22627737226279
140 124.3 5.85774058577405
140 150.5 6.46017699115045
140 174.2 6.30434782608697
140 200.7 6.92307692307694
171 4.4 6.97761194029852
171 24 6.78832116788322
171 44.3 6.64495114006516
171 74 6.70807453416149
171 99.4 6.24521072796935
171 123.8 5.84905660377358
171 149.4 6.79687500000001
171 174.6 7.95918367346937
171 199.4 6.95121951219512
233 5 6.95081967213114
233 24.2 7.83783783783782
233 45.6 7.68707482993199
233 74.5 7.60383386581468
233 100.4 7.20588235294116
233 123 6.70682730923693
233 149.6 6.72955974842765
233 174.8 6.93693693693694
233 201.1 6.30630630630629
233 248 6.49350649350649
293 5.3 7.71014492753622
293 25.7 7.29885057471265
293 44.9 6.75810473815462
293 75.2 7.26643598615915
293 101 6.44518272425248
293 126.1 6.21513944223107
293 151.3 6.20967741935484
293 177 5.71428571428571
293 203.6 6.22448979591837
293 248 6.23529411764706
325 4.9 7.42718446601942
325 24.6 7.07482993197278
325 44.6 7.40384615384616
325 75.1 6.72782874617735
325 99.9 7.26562499999998
325 125.3 6.79069767441859
325 150 6.4179104477612
325 175.3 6.34615384615383
325 199.4 6.75213675213674
324 4 7.28301886792454
324 24.8 7.2937293729373
324 44.9 6.83098591549294
324 74.1 6.51567944250871
324 99.4 6.23015873015875
324 124.8 5.85526315789472
324 149.9 6.20370370370371
324 174.3 6.37362637362637
324 199.4 6.09195402298852
354 4.9 7.07142857142859
354 24.7 7.39299610894941
354 43.8 7.15789473684211
354 76.1 6.84014869888476
354 100.3 6.76470588235293
354 124.4 6.03305785123968
354 150.1 6.53225806451615
354 174.9 6.06060606060606
354 199.5 5.97701149425288
20 4.4 7.09090909090909
20 25 7.22222222222225
20 43.3 7.20279720279719
20 73.7 6.69039145907473
20 101 6.12781954887217
20 125.6 6.28205128205127
20 147.9 6.69642857142859
20 174.2 6.33333333333334
20 199.5 6.20689655172414
20 249.4 6.75324675324676
51 4.8 7.41176470588235
51 24 7.17054263565894
51 45 8.38709677419356
51 73.5 7.33905579399144
51 98.7 6.80851063829787
51 125.6 6.06635071090047
51 148.3 6.4705882352941
51 173.1 6.76470588235293
51 199 6.12903225806452
51 249.7 5.88235294117647
79 8.9 7.07395498392285
79 25.4 8.10457516339866
79 44.2 7.16171617161716
79 74.9 7.19723183391002
79 99.9 6.48979591836736
79 123.6 6.59919028340082
79 148.8 6.23456790123458
79 175.4 6.28099173553721
79 200.8 6.1111111111111
79 248.5 6.18421052631581
111 4.1 7.85454545454544
111 24.9 6.8939393939394
111 44.1 6.88073394495414
111 74.8 6.90184049079754
111 99.4 6.14583333333332
111 124.2 5.54572271386431
111 148.6 5.94736842105263
111 173.5 6.10687022900763
111 199 5.9375
111 249.1 6.15384615384615
140 4.2 8.0708661417323
140 24.3 7.97709923664123
140 43.9 6.85810810810813
140 74.2 7.10344827586208
140 124.9 6.65338645418326
140 149.8 6.60792951541852
140 174.7 5.98360655737704
140 199.5 5.55555555555556
140 249.4 6.13333333333332
171 5 6.83076923076925
171 25 8.41911764705884
171 45 10.2877697841727
171 74.3 8.12500000000001
171 99.8 7.77777777777775
171 125.1 5.61264822134387
171 149.6 5.69620253164556
171 174.9 6.5217391304348
171 199.6 6.06060606060606
171 249.3 5.3409090909091
202 4.4 7.23905723905724
202 24.3 8.35125448028676
202 44.2 7.6899696048632
202 74.3 7.49244712990936
202 99.2 6.4765100671141
202 124.1 6.16600790513835
202 149.6 6.31999999999999
202 175.9 6.41975308641974
202 201.2 6.144578313253
202 248.2 8.1818181818182
232 4.9 7.18120805369128
232 24.4 6.70846394984325
232 44.4 7.02312138728325
232 74.2 7.01949860724236
232 100.2 6.78787878787877
232 124.3 6.05381165919283
232 149.6 6.19718309859156
232 175 6.36363636363637
232 200.2 6.16822429906543
232 250 7.02702702702704
293 4.3 7.11711711711712
293 23.7 7.00534759358291
293 44.4 7.11656441717793
293 75 6.63101604278076
293 99.4 5.89041095890411
293 125.1 6.13402061855669
293 150.6 5.88709677419355
293 175.5 6.02150537634407
293 199.1 6.3095238095238
324 5.3 7.08633093525177
324 25.7 7.22419928825623
324 45.7 6.94736842105263
324 76.8 7.50000000000002
324 101.2 6.24087591240876
324 125.3 6.59898477157358
324 150.2 5.93333333333332
324 174.4 6.69565217391306
324 201.9 5.82089552238805
324 250 6.96969696969698
355 4.4 6.86153846153848
355 23.1 7.07865168539327
355 45 7.01107011070113
355 75 6.57587548638131
355 99 6.27118644067798
355 124.7 5.94202898550726
355 148.8 5.83333333333335
355 167.3 5.82278481012657
355 198.4 5.47945205479452
355 247.9 6.5217391304348
20 4.4 7.06563706563705
20 23.5 7.78280542986427
20 43.6 6.72354948805461
20 73.3 6.65441176470587
20 99.6 6.25454545454544
20 123.5 6.02678571428571
20 148.7 6.33587786259541
20 173.7 6.45833333333335
20 197.3 6.70886075949367
51 4 5.8498023715415
51 23.8 6.76348547717844
51 44.1 6.94444444444444
51 74.5 6.70498084291188
51 99.5 6.04651162790699
51 125 5.41463414634145
51 147.2 5.96491228070177
51 173.9 5.74712643678161
51 199.5 5.06666666666666
51 249.6 5.99999999999999
80 3.3 6.28
80 25.1 6.32743362831859
80 43.4 6.59176029962549
80 76 6.24472573839663
80 99.9 6.03112840466927
80 124.7 6.84684684684686
80 148.4 6.04395604395606
80 173.7 6.05504587155964
80 199.8 6.4705882352941
80 248.1 6.05633802816903
110 4.1 7.04402515723269
110 24.4 6.39257294429706
110 44.4 6.1807580174927
110 74.4 6.83168316831683
110 99.4 6.17469879518073
110 124.5 5.6902356902357
110 148.7 5.91836734693879
110 174.6 6.01398601398601
110 198.7 5.99999999999999
140 4.1 6.97860962566846
140 23.9 5.54778554778555
140 43.7 6.64021164021164
140 73.9 6.56593406593409
140 98.9 6.80597014925371
140 124.4 5.88050314465408
140 150.8 6.54320987654322
140 174.7 6.29139072847681
140 200.2 5.56521739130435
172 4.1 6.41666666666666
172 24.5 6.99453551912568
172 43.5 6.82080924855493
172 73.7 6.19631901840492
172 99.1 5.81881533101044
172 123.9 5.20689655172415
172 149.2 5.92814371257484
172 174.3 5.60283687943262
172 249.9 5.44444444444445
201 4.9 7.21839080459769
201 24.8 7.68736616702356
201 43.1 7.74774774774778
201 74.9 7.66784452296819
201 99.8 7.15909090909089
201 125.8 7.36434108527129
201 149.3 6.80851063829787
201 174.6 6.61417322834647
233 4.5 8.02139037433153
233 45 6.90140845070425
233 75 7.6752767527675
233 99.5 6.5359477124183
233 123.8 7.34177215189874
233 150.6 6.77419354838708
233 174.9 7.18181818181818
233 200.7 7.0731707317073
263 5.1 6.80555555555556
263 25 7.06293706293704
263 44 6.87919463087246
263 75.1 6.61129568106313
263 99.9 5.80858085808581
263 124.3 6.04838709677421
263 149.2 6.28571428571429
263 174.7 6.08000000000001
263 200.4 5.88235294117647
263 249.1 7.32558139534886
293 4.9 6.15120274914088
293 25.8 5.8709677419355
293 45.5 7.44985673352437
293 98.5 5.62300319488818
293 124.9 5.59585492227978
293 150.1 6.56716417910449
293 176.3 6.23762376237625
293 200.8 6.29629629629628
325 5 6.84615384615385
325 24.8 7.26923076923075
325 45.1 7.32824427480918
325 75.2 6.49831649831651
325 100.1 6.64864864864863
325 124.6 7.80000000000001
325 150.7 6.80412371134021
325 175 7.10526315789472
325 199.8 7.62499999999997
354 4 5.28735632183907
354 24.5 5.08571428571429
354 44.9 5.22123893805309
354 75.3 4.83282674772036
354 97.8 4.86891385767791
354 123.8 4.33628318584071
354 149.8 4.82456140350878
354 175.2 5.95041322314048
354 201.7 4.79591836734695
354 249.5 5.83333333333335
51 4.8 4.61038961038961
51 25.2 4.38871473354232
51 44.9 4.85119047619049
51 73.7 4.93975903614458
51 101.6 4.26791277258566
51 123.6 4.6638655462185
51 149 4.96453900709221
51 175.2 4.34782608695652
51 200 4.50980392156862
79 5.1 4.95440729483283
79 25.3 5.35947712418299
79 44.6 5.06944444444444
79 73.5 4.84375
79 100 4.13793103448275
79 125.2 4.304932735426
79 150.7 5.51724137931035
79 173 5.94059405940595
79 199.4 4.81481481481481
140 7.4 5.57324840764333
140 24.8 6.07361963190183
140 45.5 5.45
140 75.1 5.92261904761904
140 100.5 4.60750853242321
140 124.6 5.36000000000001
140 148.9 5.48913043478261
140 174.2 5.52447552447553
140 199.6 5.51401869158878
140 249.2 5.80246913580247
172 12 7.05882352941175
172 24.3 6.87707641196012
172 45.2 7.10227272727273
172 73.7 6.69669669669668
172 100 5.82089552238805
172 124.2 6.62790697674419
172 150 5.87209302325582
172 174.3 6.20437956204381
172 199.5 6.54545454545454
172 248.9 6.57894736842105
201 4.9 6.43962848297212
201 25.3 6.95266272189347
201 45.5 6.61676646706587
201 74.5 6.85015290519877
201 100.3 6.57534246575344
201 125 5.74394463667819
201 150.3 6.1576354679803
201 174.7 6.37795275590552
201 200.5 6.07476635514017
232 4.8 7.37451737451736
232 24.5 7.0954356846473
232 45.1 7.47252747252746
232 74.3 6.48464163822528
232 99.9 5.60885608856087
232 124.5 5.86805555555555
232 150.5 6.41304347826085
232 175.5 6.42276422764226
232 199.4 5.67307692307692
263 9.9 7.55294117647059
263 24.1 7.28699551569508
263 44.9 7.65784114052952
263 73.3 5.27704485488127
263 100.6 5.61643835616438
263 124.7 4.76987447698744
263 149.1 5.81005586592177
263 174.4 5.84615384615386
263 198.9 5.44642857142858
263 249.8 6.27906976744187
293 9.2 7.13896457765666
293 23.2 6.54390934844192
293 43 6.93409742120343
293 73.4 7.6424870466321
293 99.3 5.28301886792454
293 124.1 6.1111111111111
293 149.4 6.39534883720932
293 173.8 5.81967213114754
293 200.4 5.78512396694214
324 5.9 7.2992700729927
324 25.1 6.82847896440128
324 45.6 6.94158075601375
324 75 6.9204152249135
324 100.2 6.53061224489796
324 125 6.28571428571429
324 149.8 6.86666666666667
324 174.3 7.38805970149256
324 200.3 7.34693877551021
354 5 6.69117647058826
354 25.7 7.23021582733812
354 45.8 7.1608832807571
354 76 7.24242424242426
354 100.5 5.99369085173501
354 125.2 6.00840336134455
354 150.1 5.97014925373134
354 175.8 7.6
354 198.5 7.17171717171716
20 8.9 5.99999999999999
20 25.3 6.66666666666667
20 45.2 5.46979865771811
20 74 6.68896321070234
20 101.4 7.91366906474822
20 125 6.56565656565658
20 151.6 6.24434389140271
20 175.6 7.41935483870969
20 197.8 10.4137931034483
20 249.9 8.25242718446604
51 7.6 6.45390070921986
51 22.4 6.72727272727271
51 43.1 6.47798742138365
51 76.1 6.27586206896553
51 101.3 5.9642857142857
51 125.3 5.64102564102565
51 147.1 5.78431372549021
51 173.4 7.50000000000002
51 201.8 7.53424657534245
79 6.6 6.3375796178344
79 24 6.55487804878048
79 44.8 6.55290102389077
79 76.4 6.68085106382981
79 101.6 6.31970260223049
79 125.2 6.03305785123968
79 151.7 6.01307189542483
79 176.8 5.86206896551723
79 201.5 6.23376623376622
110 25.1 6.94050991501417
110 45.4 6.65738161559891
110 74.3 6.24260355029584
110 100.8 6.25
110 125.3 5.09202453987729
110 149.6 5.47058823529412
110 174.4 5.64971751412429
110 199.7 6.03960396039605
110 249.6 5.94594594594595
141 8.4 7.58409785932724
141 25.1 7.20221606648199
141 46.2 7.50759878419451
141 76.4 6.29893238434162
141 100.3 7.72378516624039
141 124.3 6.37630662020907
141 150.9 8.65248226950357
141 175.4 6.4705882352941
141 199.4 7.05882352941175
171 8 7.43055555555558
171 25.6 6.8633540372671
171 45.2 7.45257452574527
171 76 7.22741433021808
171 101.2 6.2917933130699
171 124.8 6.3106796116505
171 151 6.48148148148149
171 175.8 6.4367816091954
171 200.6 5.59999999999999
201 7.6 6.92000000000001
201 25.4 6.65738161559891
201 44.7 6.81440443213295
201 74.9 6.31578947368422
201 100.5 4.85294117647059
201 125.1 5.52083333333334
201 150.3 5.41401273885351
201 174 6.2608695652174
201 200.4 5.45454545454546
232 6.5 5.90296495956873
232 25.4 7.24770642201834
232 45 6.41860465116281
232 75.7 6.82414698162727
232 100.9 5.58659217877095
232 125.5 5.60869565217391
232 150.1 6.38297872340424
232 175 6.07476635514017
232 200.5 6.01851851851852
263 5.5 6.6060606060606
263 25.7 7.020202020202
263 45.1 7.46153846153846
263 75.3 7.24590163934424
263 100.2 5.91973244147159
263 125.2 6.01423487544486
263 149.9 6.16000000000001
263 175.6 6.20689655172414
263 199.8 5.92105263157894
293 7.4 7.41379310344825
293 26.1 7.70666666666667
293 46.2 7.5537634408602
293 74.5 6.68571428571427
293 101.1 6.22302158273382
293 126.3 6.58959537572256
293 151 5.76271186440678
293 173.6 6.1111111111111
293 198.9 5.57894736842105
293 248.2 6.76923076923076
324 8 6.94805194805194
324 26.2 7.18749999999998
324 44.9 7.56329113924052
324 76.4 6.94244604316547
324 100.7 5.85106382978723
324 125.9 6.21428571428572
324 150.1 6.22448979591837
324 175.5 6.46464646464646
324 202 6.31578947368422
354 6.7 6.8166089965398
354 25.6 7.09433962264149
354 45.6 6.62020905923347
354 74.7 6.28975265017667
354 100.6 5.84717607973423
354 125.6 6.31840796019901
354 151 5.07042253521127
354 175.6 5.69892473118278
354 199.7 5.39325842696628
354 249.4 5.91549295774648
51 4.9 6.40569395017794
51 24.7 7.50000000000002
51 44.7 8.50220264317179
51 74.8 6.26415094339624
51 100.2 6.95833333333335
51 149.5 5.90476190476192
51 175.7 5.60439560439559
51 199.4 4.875
51 249.6 5.99999999999999
79 4.8 7.45762711864407
79 25.6 7.75590551181104
79 44.7 7.75000000000001
79 76 7.00819672131148
79 98.6 7.80392156862745
79 124.4 5.91111111111111
79 150.2 5.73248407643313
79 175 5.57894736842105
79 200.1 7.08333333333335
79 249.6 6.57142857142858
140 7.1 6.99300699300699
140 25.1 6.82098765432099
140 45.3 6.86708860759495
140 75.5 6.16564417177915
140 100.3 7.24907063197026
140 125.7 5.85657370517928
140 149.4 7.17948717948719
140 174.4 5.89743589743591
140 199.9 5.68181818181818
140 249.5 5.54054054054053
201 7.3 6.99115044247789
201 24.9 6.88356164383562
201 44.8 7.18309859154929
201 75.3 5.74162679425836
201 99.9 5.37634408602151
201 125.3 5.40983606557377
201 150.1 6.06299212598425
201 175.2 5.30973451327435
201 200.1 5.05154639175259
232 7.3 6.98717948717948
232 25.2 6.73410404624279
232 45 6.25344352617079
232 74.3 6.18686868686871
232 124.7 5.85271317829457
232 150.7 5.79234972677597
232 175.2 5.79365079365081
232 200.2 5.83333333333335
264 27.1 7.09046454767725
264 47.2 7.23860589812333
264 77.5 6.13888888888889
264 100.2 5.48494983277591
264 125.8 5.72580645161289
264 150.2 5.59633027522936
264 175 5.90909090909092
264 200.4 5.64356435643565
293 5.2 6.66666666666667
293 25 6.38888888888888
293 44.4 6.35638297872339
293 74.7 5.68627450980393
293 98.7 5.76177285318561
293 125.1 5.40740740740741
293 151.6 5.66265060240964
293 174.5 5.39682539682539
293 199.5 5.78947368421052
354 8.3 6.64536741214059
354 25.6 6.27840909090907
354 76.3 6.18181818181818
354 125.5 3.15068493150685
354 149.8 5.66929133858267
354 175.6 3.90728476821191
354 200.9 4.91666666666666
354 6.5 6.31229235880398
354 26.4 6.10119047619049
354 45.5 6.01694915254236
354 75.9 5.59859154929577
354 99.9 5.06944444444444
354 124.9 4.79704797047972
354 149.7 5.58282208588957
354 175.1 4.88000000000001
354 200.1 4.58715596330275
354 249.8 5.11627906976745
20 6.6 5.79487179487179
20 25.3 5.82089552238805
20 45.3 6.13772455089819
20 75 5.60773480662985
20 100.4 5.5952380952381
20 126.6 5.22900763358778
20 148.8 5.89403973509932
20 173.2 5.55555555555556
20 199.6 4.71264367816091
20 249.5 4.61538461538461
51 6.4 6.14147909967846
51 24.3 6.33720930232557
51 45.6 6.4
51 75.5 6.38157894736842
51 99.7 6.42611683848798
51 123.8 5.90277777777779
51 150.9 5.97633136094676
51 177.1 5.68181818181818
51 200.1 5.35353535353534
141 24.7 6.25974025974027
141 44.7 6.27627627627627
141 75.1 6.17283950617284
141 100.2 5.83643122676581
141 125.9 5.05681818181818
141 150.9 5.10638297872341
141 176.1 5.51020408163267
141 200.7 5.47368421052631
171 7 7.76785714285715
171 24.8 7.06395348837212
171 44.6 7.56172839506171
171 74.6 7.16723549488052
171 100 6.30434782608697
171 125.1 6.72897196261683
171 149.6 6.75000000000001
171 174.5 6.70731707317074
171 199.7 8.88888888888889
171 249.7 8.28571428571427
201 5.7 8.29629629629632
201 25 7.42268041237115
201 45 8.15013404825735
201 75.2 7.98634812286691
201 100 7.21774193548385
201 125.2 6.24454148471616
201 150.4 6.87500000000002
201 174.9 6.07142857142858
201 200.1 6.85393258426968
201 250 8.78378378378377
232 7.1 6.73024523160763
232 24.8 7.02997275204359
232 45.4 6.8421052631579
232 75.2 6.48199445983381
232 100.6 5.89820359281437
232 125 5.9288537549407
232 151 5.85526315789472
232 174.7 5.25547445255474
232 199.6 5.16129032258065
293 7.1 7.04491725768323
293 25.3 7.70531400966183
293 45.3 7.93296089385475
293 75 7.05128205128204
293 99.7 5.70957095709572
293 126.1 6.04878048780489
293 149.4 5.81395348837209
293 175.3 9.03846153846157
293 199.3 6.23655913978494
354 9.7 7.80068728522336
354 25.3 7.48366013071893
354 44.7 7.38410596026489
354 74.8 6.8181818181818
354 99.8 6.41434262948209
354 123.7 6.2874251497006
354 148.1 5.94827586206895
354 175.2 6.62337662337661
354 200.8 6.58227848101266
20 7.3 6.84014869888476
20 25.3 6.65454545454545
20 45.1 6.89795918367349
20 75.7 5.82417582417583
20 100.3 5.59241706161137
20 124.9 6.02564102564101
20 150.7 5.54621848739497
20 174.9 5.71428571428571
20 200.5 6.83333333333334
51 10 10.4761904761905
51 29.1 7.65690376569037
51 43.6 8.60576923076921
51 74.9 7.35632183908046
51 100.1 6.52719665271967
51 125.4 7.43016759776534
51 149.8 7.87037037037036
51 174.6 7.80821917808216
51 199.5 8.13559322033896
51 249.1 7.89473684210524
110 5.3 6.23134328358208
110 25 6.45962732919256
110 45.6 7.15254237288137
110 75.7 6.3138686131387
110 100.2 6.4094955489614
110 125.4 6.25
110 149.8 5.5813953488372
110 175.1 6.10000000000001
110 200.1 8.69565217391304
141 5.2 7.32203389830509
141 25.1 6.99248120300752
141 45.4 6.83274021352312
141 75.8 6.72727272727271
141 101.2 6.39004149377595
141 125.3 5.28455284552846
141 151.8 6.03550295857988
141 175.4 6.19718309859156
141 201.4 5.40816326530614
202 7.4 7.03571428571431
202 25.7 6.63366336633665
202 45 6.48318042813455
202 74.9 6.56534954407294
202 99.5 5.79288025889969
202 123.7 6.20087336244541
202 148.7 5.83333333333335
202 175.1 5.8955223880597
202 200.2 7.69230769230769
202 249 5.58823529411764
201 8 6.48902821316613
201 25 6.33116883116883
201 46.3 6.46341463414636
201 75.6 6.34464751958224
201 99.7 5.8682634730539
201 125 5.33073929961091
201 150.1 6.231884057971
201 174.9 6.41221374045801
201 199.6 8.77551020408163
232 6 7.17142857142858
232 26.7 7.30366492146599
232 45.7 7.42014742014741
232 72.7 6.5082644628099
232 100.5 6.44886363636364
232 124.8 5.83969465648857
232 150.3 6.20000000000001
232 175.7 6.80555555555556
232 249.5 6.29999999999999
263 5.4 6.56534954407294
263 25.8 7.44336569579285
263 45.1 6.94444444444444
263 74.4 6.41509433962266
263 100.5 5.39735099337748
263 125.2 5.20270270270271
263 151.8 5.55555555555556
263 175 7.09302325581396
263 199.7 7.08333333333335
325 4.9 7.28813559322036
325 24.8 6.86468646864686
325 46.2 6.4705882352941
325 72.9 6.64516129032257
325 105.8 5.35603715170278
325 130 6.97802197802199
325 151.8 10.6976744186047
325 171.9 9.93865030674849
325 196.6 5.99999999999999
325 248.8 7.89473684210524
354 5.5 5.9931506849315
354 25 6.52920962199313
354 45.6 6.47249190938511
354 75.2 7.1031746031746
354 99.3 5.62893081761007
354 123.3 6.03686635944701
354 149.8 5.6551724137931
354 173.5 5.97014925373134
354 200.4 5.32608695652175
79 5.8 7.91304347826089
79 25.3 15.2
79 45.1 7.34782608695652
79 80.1 7.28888888888886
79 93.3 11.3836477987421
79 128.6 10.7594936708861
79 155.5 6.3529411764706
79 179.1 8.6131386861314
79 205.2 12.7860696517413
110 5 7.46666666666669
110 24.8 7.69841269841269
110 45.5 7.31292517006801
110 75.5 7.10884353741497
110 101.5 8.09954751131222
110 125.1 6.68032786885247
110 149.1 5.88235294117647
110 175.3 6.27118644067798
110 200.5 6.70212765957448
110 248.5 9.49275362318838
140 7.8 7.68421052631578
140 24.7 7.64309764309766
140 45.2 8.09187279151943
140 74.8 7.34899328859058
140 99.4 7.31404958677686
140 124 6.03960396039605
140 149.4 6.5359477124183
140 174.9 6.36363636363637
140 200.5 7.67741935483872
171 5.6 6.76384839650145
171 24.4 7.3615635179153
171 45.6 6.85628742514972
171 75.8 8.567335243553
171 101.7 7.15254237288137
171 123.8 5.81749049429659
171 149.2 6.56565656565658
171 178 6.793893129771
171 201.2 5.47008547008547
201 4.7 7.91540785498492
201 25.1 7.42774566473986
201 45.7 8.09859154929579
201 75.1 7.0212765957447
201 99.7 6.5806451612903
201 124.8 5.81081081081081
201 150 6.21359223300971
201 175.9 5.56818181818181
201 199.8 5.84158415841584
201 249.7 7.2857142857143
233 6.7 7.09030100334446
233 24.7 7.98761609907123
233 44.5 7.66891891891893
233 74.5 6.9902912621359
233 99.6 7.19298245614037
233 125.2 6.05633802816903
233 150.6 6.30303030303031
233 175.4 5.91836734693879
233 200.4 6.15384615384615
264 6.6 6.89149560117304
264 25.3 7.08588957055215
264 45 7.22222222222225
264 74.6 6.63716814159291
264 99.6 5.88235294117647
264 125.3 5.43589743589745
264 150.7 6.37168141592922
264 175.3 5.7943925233645
264 200 5.84269662921349
294 5.8 6.78571428571427
294 26.3 6.91139240506328
294 45.5 7.29577464788733
294 75.3 6.59147869674184
294 100.7 6.0294117647059
294 125.7 6.04166666666668
294 150.4 5.78947368421052
294 175.2 5.09803921568628
294 199.7 5.1304347826087
324 4.8 6.86238532110091
324 24.8 6.69144981412641
324 43.9 6.59574468085108
324 74.4 6.34920634920635
324 100.3 5.35947712418299
324 124.6 5.40983606557377
324 150.5 6.97399527186759
324 175 6.31250000000002
324 200.1 5.61224489795919
20 5.5 7.17741935483872
20 25.9 6.61764705882353
20 45.2 6.61585365853658
20 76.4 6.69934640522875
20 99.7 5.39622641509435
20 125.1 5.73863636363637
20 150.2 6.16161616161617
20 174.9 5.9731543624161
20 200.5 4.92957746478873
79 7.1 6.4569536423841
79 25.1 6.58783783783783
79 46.5 6.88212927756654
79 75.3 6.2295081967213
79 99.8 6.61290322580645
79 125.3 5.87912087912089
79 150.1 6.72897196261683
79 175.6 5.98684210526316
79 199.3 6.70886075949367
111 8.6 7.04918032786886
111 24.7 6.69841269841271
111 44.6 6.43962848297212
111 75.1 6.81957186544344
111 99.8 6.76923076923076
111 126.3 6.01398601398601
111 151.9 6.92771084337347
111 175.3 5.97122302158274
111 199.5 5.38461538461538
140 5.3 7.19197707736391
140 25.7 6.90909090909092
140 44.3 6.81286549707604
140 74.1 6.10062893081761
140 98.8 5.68773234200744
140 123.9 5.57377049180329
140 151.5 6.63157894736841
140 175.1 6.0377358490566
140 200.6 6.47727272727272
202 25.2 5.8356940509915
202 44.4 6.61184210526317
202 75.1 6.20209059233449
202 99.6 6.06382978723406
202 124.7 5.55160142348755
202 199.7 6.45833333333335
232 5.1 6.33495145631069
232 25.1 6.78743961352655
232 44.6 6.52605459057072
232 74.7 6.0790273556231
232 100.2 5.1792828685259
232 124.5 5.83333333333335
232 149.8 6.16666666666667
232 175.2 5.90361445783132
232 199.8 6.93181818181819
232 249.8 6.12903225806452
263 5.2 6.75324675324676
263 25.2 6.34482758620689
263 46.1 6.34502923976607
263 75.1 6.57608695652175
263 100.8 5.72237960339943
263 125.2 5.85271317829457
263 149.9 5.85365853658538
263 175.4 6.44859813084112
263 200.2 5.51948051948053
324 5.7 7.82909930715932
324 25.8 6.56424581005586
324 44.6 7.23684210526317
324 76.9 5.95441595441597
324 103 5.82278481012657
324 126.8 5.93406593406592
324 150.6 19.1379310344827
324 174.3 6.04166666666668
324 200.6 6.0655737704918
324 4.8 5.8840579710145
324 24.7 5.53254437869823
324 44.8 5.93939393939392
324 76 5.42372881355932
324 97.5 5.79288025889969
324 123.9 5.05434782608697
324 150.5 6.4189189189189
324 169.8 6.38655462184874
324 197.2 6.14583333333332
355 5.7 6.35869565217392
355 24.7 6.57894736842105
355 43.9 6.28169014084506
355 73.8 6.58823529411766
355 99.8 6.17948717948717
355 123 5.96610169491527
354 199.2 6.10526315789473
354 248.8 6.70731707317074
20 5.2 5.65088757396451
20 25.3 6.13138686131387
20 45.7 6.60317460317459
20 76.3 5.80882352941177
20 100.3 5.13833992094861
20 127.3 4.78991596638656
20 147.5 5.70552147239264
20 176.4 5.69892473118278
20 205.6 6.18644067796612
79 4.9 5.96296296296297
79 25.1 6.23376623376622
79 46.4 6.46258503401361
79 75.4 5.92592592592593
79 101.8 4.59016393442623
79 125.9 5.668016194332
79 150.2 6.03448275862068
79 175.4 5.65217391304348
140 4.8 6.29392971246008
140 25.3 7.26643598615915
140 44.6 7.05882352941175
140 75 6.73333333333331
140 100 6.25396825396827
140 152.9 6.31921824104236
140 174.3 5.68965517241379
140 202.2 7.39583333333332
140 5 6.22516556291392
140 25.7 8.01675977653632
140 45.1 7.40412979351034
140 75.3 6.95783132530119
140 100.5 6.98884758364311
140 125.4 6.23076923076922
140 152.3 6.07017543859648
140 174.5 5.92857142857142
140 201.6 5.95041322314048
171 5.9 6.91906005221934
171 23.9 7.22560975609755
171 43.9 7.07964601769912
171 74.4 6.8421052631579
171 99.1 6.22837370242213
171 125.1 6.37323943661973
171 148.7 5.97938144329896
171 174.2 6.36363636363637
171 199.6 6.55172413793105
171 249 6.62162162162163
232 10.4 6.19047619047617
232 25.8 6.99658703071671
232 75 6.62824207492797
232 100.4 7.49116607773851
232 125.5 6.19047619047617
232 150.4 7.43589743589742
232 175.4 6.11940298507464
232 200.7 6.18556701030927
232 5.6 7.07246376811593
232 24.8 7.37463126843658
232 45.3 7.41176470588235
232 75.3 6.51376146788992
232 100.2 5.74750830564785
232 125.2 5.39094650205761
232 150.2 6.29834254143648
232 175.5 5.40540540540541
232 200.8 6.38655462184874
263 7.6 6.64473684210529
263 25.6 6.63366336633665
263 44.6 6.17142857142857
263 75.2 6.59305993690853
263 100.4 5.49253731343285
263 125.5 5.63934426229508
263 150.6 5.72254335260115
263 174.7 5.70512820512822
294 5.5 7.52613240418121
294 25.3 7.5085324232082
294 45.4 7.28758169934641
294 75.5 6.73015873015875
294 100.3 6.14035087719298
294 124.8 6.54639175257732
294 150 6.12403100775195
294 175.3 5.85106382978723
294 200 7.14285714285714
294 250 6.61971830985916
355 6.7 7.24806201550386
355 26.3 7.4087591240876
355 46.4 7.37903225806452
355 75.6 7.36507936507934
355 124.4 7.21590909090911
355 151.6 7.23809523809524
355 176.4 6.95652173913044
355 201.4 6.31578947368422
51 7.3 6.96793002915454
51 24.8 9.38596491228073
51 45 6.13095238095238
51 75.7 6.06382978723406
51 100.2 6.05468749999999
51 126.7 5.5813953488372
51 149.9 5.92857142857142
51 175.7 5.4
51 200 5.32710280373832
51 249.7 5.74074074074073
79 5.9 7.13709677419357
79 25.4 6.92883895131088
79 45.2 6.64310954063604
79 101.2 6.43086816720257
79 124.7 5.9315589353612
79 150.1 5.8893280632411
79 175.8 5.90062111801243
79 201.3 5.57251908396945
110 5.3 6.52037617554857
110 26.1 7.84982935153584
110 45.8 6.46666666666667
110 75.7 7.04225352112676
110 101 6.2015503875969
110 124.9 5.51724137931035
110 150.2 5.83333333333335
110 175.8 5.70370370370371
110 200.9 5.52
140 7.3 7.47292418772563
140 23.7 7.02614379084966
140 45.5 7.03821656050955
140 75.8 7.15789473684211
140 101.5 6.63265306122448
140 125.7 5.90038314176247
171 7.1 7.08609271523178
171 25.9 7.11475409836066
171 45.9 6.77914110429446
171 75.5 6.87719298245615
171 101.1 5.60402684563759
171 125.4 6.13733905579399
171 150.3 7.08108108108106
171 175.5 5.29914529914529
171 200.3 6.50602409638553
264 11 7.58620689655171
264 45 7.08333333333335
264 74.7 7.1119133574007
264 99.8 5.91111111111111
264 125.5 5.62499999999999
264 151.6 5.7943925233645
264 200.8 5.81395348837209
264 250 7.2463768115942
293 7.9 6.54040404040404
293 25.4 6.80798004987531
293 45.7 6.65853658536586
293 76.5 6.09223300970873
293 100.1 6.12318840579709
293 125 5.49763033175355
293 150.3 6.10687022900763
293 175.2 5.85858585858585
293 200.5 5.99999999999999
294 7.7 6.95890410958903
294 25.3 6.96969696969698
294 45.4 6.85628742514972
294 75.1 5.82386363636363
294 100 5.70312499999999
294 124.9 5.52486187845304
294 150.7 5.52845528455286
294 175.1 5.64814814814814
294 200.4 5.85365853658538
324 7.1 6.44886363636364
324 25.1 6.45645645645644
324 45.1 6.99699699699701
324 74.3 6.57232704402515
324 125.4 5.60975609756099
324 150.6 5.50847457627117
324 174.9 5.63636363636363
324 200.1 4.91666666666666
354 8.1 6.68141592920356
354 25.5 7.36111111111109
354 46.3 6.69950738916256
354 75.6 6.45283018867925
354 99.7 5.72769953051644
354 125.7 5.70370370370371
354 148.6 5.25773195876287
354 175.2 6.44444444444446
354 249.4 6.44927536231884
20 8 6.43356643356642
20 25.8 5.87412587412588
20 45.1 6.6077738515901
20 75.3 6.02272727272726
20 100.5 6.20938628158845
20 126 5.48042704626336
20 150.6 5.46762589928058
20 175.2 5.88235294117647
20 200 5.10869565217391
51 6.2 5.96226415094339
51 26 5.68345323741006
51 76.1 4.98442367601246
51 100.7 5.63265306122449
51 127 4.86772486772486
51 150.7 5.62043795620438
51 175.9 5.28000000000001
51 202.6 6.53846153846155
79 5.3 6.71328671328673
79 25 6.49999999999999
79 46.4 7.01639344262297
79 76.1 5.95166163141994
79 100.1 5.74603174603174
79 150.8 7.52136752136755
79 200.4 5.75
79 249.9 5.47945205479452
171 4.8 6.56250000000002
171 26.3 6.72463768115943
171 44.3 6.34218289085546
171 75.1 7.18309859154929
171 99.1 5.99999999999999
171 125 6.1977186311787
171 154.6 6.27737226277374
171 174.9 6.38095238095237
171 199.3 6.90476190476188
201 4.9 6.63841807909606
201 24.7 6.88654353562004
201 44.5 6.69491525423728
201 75 6.93251533742334
201 100.1 6.76363636363638
201 125.7 5.68027210884353
201 150.4 6.30434782608697
201 175.4 5.968992248062
201 200.4 5.74468085106383
201 249.8 6.62650602409638
263 5 7.53968253968256
263 23.4 7.74928774928774
263 45.2 7.00288184438041
263 75.4 6.26344086021505
263 100.1 6.17328519855597
263 124.8 6.39593908629443
263 150.3 6.27906976744187
263 174.8 7.03947368421053
263 200.3 6.22641509433961
263 249.8 6.59090909090911
293 7.1 6.73773987206825
293 25.4 7.29591836734694
293 75.1 8.62573099415201
293 100.4 7.24014336917563
293 124.5 5.92964824120604
293 175.2 5.81920903954801
293 201.2 5.8050847457627
324 7.8 6.77165354330709
324 24.8 7.12158808933002
324 45.3 6.66666666666667
324 75.6 6.90184049079754
324 100 7.11598746081507
324 125.3 5.82089552238805
324 150.8 5.70469798657718
324 175.1 7.39884393063584
324 200.5 6.29496402877697
324 249.4 6.53465346534654
354 7.4 7.03571428571431
354 23.9 6.4968152866242
354 45.2 7.39436619718311
354 74 6.16949152542373
354 99.7 6.23853211009174
354 123.5 5.46610169491524
354 149.7 5.28000000000001
354 173.7 6.69811320754718
354 199.1 5.44715447154471
354 249.9 6.42857142857141
