"DOY" "Depth" "NPP"
353 5 6.15
353 50 2.15
353 75 0.29
353 100 2.85
353 120 0.16
27 18 3.78
27 41 3.5
27 62 2.02
27 81 0.77
27 102 0.49
50 2 28.3
50 20 8.11
50 30 24.57
50 47 1.84
50 100 0.12
85 4 4.02
85 15 2.85
85 25 3.8
85 35 3.54
85 53 2.96
85 70 0.4
107 5 3.57
107 17 3.5
107 32 2.49
107 50 2.45
107 64 2.14
107 75 3.16
136 3 2.42
136 14 1.72
136 25 0.86
136 39 2.17
136 67 1.83
136 97 0.67
173 16 4.38
173 24 4.27
173 39 1.86
173 66 3.92
201 1 4.06
201 20 4.3
201 40 3.76
201 60 3.75
201 80 3.61
201 100 3.35
228 1 2.75
228 20 5.39
228 40 2.83
228 60 2.41
228 80 0.87
228 100 0.38
228 120 0.89
228 140 0.21
293 1 4.46
293 20 4.09
293 40 1.12
293 60 1.84
293 80 0.97
293 100 0.4
293 120 0.13
293 140 0.08
324 1 4.28
324 20 4.05
324 40 3.19
324 60 1.8
324 80 0.4
324 100 0.25
324 120 0.01
324 140 0.07
16 1 3.88
16 20 4.27
16 40 3.56
16 60 1.91
16 80 0.73
16 100 0.05
16 120 0.27
16 140 0.11
47 1 4.89
47 20 7.32
47 40 6.6
47 60 4.59
47 80 2.44
47 100 1.11
47 120 0.45
72 1 7.38
72 20 8.6
72 40 7.45
72 60 3.95
72 80 0.95
72 100 0.34
72 120 0.16
72 140 0.19
107 1 13.18
107 20 14.03
107 40 9.69
107 60 3.47
107 80 0.3
107 100 0.34
107 120 0.08
107 140 0.07
129 1 4.63
129 20 4.74
129 40 4.18
129 60 3.3
129 80 1.86
129 100 0.9
129 120 0.4
129 140 0.27
173 1 5.59
173 20 5.16
173 40 3.92
173 60 2.54
173 80 1.46
173 100 0.38
173 120 0.12
173 140 0.15
198 1 2.56
198 20 3.87
198 40 2.6
198 60 2.32
198 80 1.09
198 100 0.43
198 140 0.02
226 1 2.67
226 20 3.14
226 40 1.65
226 60 2.74
226 80 1.33
226 100 1.18
226 120 0.54
226 140 0.19
254 1 3.43
254 20 3.9
254 40 2.55
254 60 2.36
254 80 1.14
254 100 0.63
254 120 0.27
254 140 0.16
288 1 4.87
288 20 5.08
288 40 3.17
288 60 3.81
288 80 2.24
288 100 1.18
288 120 0.48
288 140 0.06
310 1 4.01
310 20 5.32
310 40 4.79
310 60 3.51
310 80 2.18
310 100 1.01
310 120 0.34
310 140 0.07
337 1 8.11
337 20 7.29
337 40 5.58
337 60 2.59
337 80 1.02
337 100 0.26
337 120 0.27
15 1 9.56
15 20 10.61
15 40 6.94
15 60 3.12
15 80 0.96
15 100 0.34
15 120 0.11
15 140 0
30 1 6.8
30 20 5.97
30 40 3.21
30 60 3.37
30 80 0.56
30 100 0.18
30 120 0.03
51 1 4.43
51 40 1.59
51 60 0.78
51 80 0.64
51 100 0.15
51 120 0.05
80 1 22.19
80 20 15.69
80 40 17.04
80 60 3.48
80 100 0.12
80 120 0.22
80 140 0.01
95 1 17.82
95 40 11.46
95 60 4.58
95 80 1.43
95 100 0.22
95 140 0.03
106 1 9.71
106 20 10.91
106 40 8.38
106 60 5.37
106 80 2.11
106 100 0.44
106 120 0.69
106 140 0.04
134 1 6.04
134 20 6.62
134 40 6.84
134 60 3.15
134 80 4
134 100 0.54
134 120 0.1
134 140 0.02
170 1 2.98
170 20 4.34
170 40 4.5
170 60 5.49
170 100 1.88
170 120 0.92
170 140 0.11
197 1 4.61
197 20 4.93
197 40 4.99
197 60 5.02
197 80 3.65
197 100 2.47
197 120 0.15
197 140 0.37
254 1 2.46
254 20 1.87
254 40 1.6
254 60 1.91
254 80 0.58
254 100 0.34
254 120 0.36
254 140 0.16
281 1 2.01
281 20 3.28
281 40 2.51
281 60 1.66
281 80 0.89
281 100 1.35
281 120 0.16
281 140 0.02
316 1 3.13
316 20 4
316 40 3.64
316 60 3.03
316 80 2.46
316 120 0.36
316 140 0.05
343 1 3.86
343 20 3.17
343 40 2.69
343 60 2.03
343 80 1.64
343 100 2.12
343 140 0.01
9 1 10.49
9 20 9.36
9 40 4.58
9 60 1.49
9 80 0.12
9 100 0.25
9 140 0.01
28 1 13.1
28 20 12.56
28 40 7.4
28 60 2.88
28 80 1.08
28 100 0.28
28 120 0.12
44 1 15.77
44 20 16.35
44 40 11.8
44 60 4.86
44 80 1.11
44 100 0.43
44 120 0.21
44 140 0.08
56 1 10.89
56 20 8.62
56 40 8.22
56 60 4.66
56 80 1.35
56 100 0.48
56 120 0.08
56 140 0.03
70 1 12.78
70 20 19.45
70 40 12.27
70 60 9.02
70 80 3.22
70 100 1.25
70 120 0.48
70 140 0.28
79 1 23.98
79 20 24.97
79 40 16.06
79 60 6.65
79 80 2.83
79 100 0.68
79 120 0.22
79 140 0
103 1 11.5
103 20 13.32
103 40 10.33
103 60 10.05
103 80 2.17
103 100 0.51
103 140 0.02
112 1 7.28
112 20 9.04
112 40 7.7
112 60 6.86
112 80 2.37
112 100 1.07
112 120 0.18
126 1 2.57
126 20 3.44
126 40 3.52
126 60 3.01
126 80 2.94
126 100 2.79
126 120 3.47
126 140 0.6
140 1 3.62
140 20 3.4
140 40 2.23
140 60 3.1
140 80 3.09
140 100 0.58
140 120 0.06
140 140 0.07
169 1 4.19
169 20 4.17
169 40 5.68
169 60 4.72
169 80 4.78
169 100 0.97
169 120 0.17
169 140 0.03
196 1 3.69
196 20 3.39
196 40 4.03
196 60 4.67
196 80 2.61
196 100 1.71
196 120 1.25
196 140 0.08
231 1 2.67
231 20 3.8
231 40 3.07
231 60 3.49
231 80 2.3
231 100 1.33
231 120 1.02
231 140 0.65
261 1 2.8
261 20 4.2
261 40 4.81
261 60 8.15
261 80 5.82
261 100 1.26
261 120 0.18
288 1 4.66
288 20 5.4
288 40 4.47
288 60 5.88
288 80 3.44
288 100 0.89
288 120 0.18
288 140 0.05
317 1 2.99
317 20 3.98
317 40 4.04
317 60 2.39
317 80 1.35
317 120 0.78
317 140 0.1
344 1 8.77
344 20 7.45
344 40 5.56
344 60 2.46
344 80 1.03
344 100 0.38
344 120 0.12
344 140 0.13
12 1 4.48
12 20 4.93
12 40 4.28
12 60 2.87
12 80 1.69
12 100 0.8
12 120 0.33
12 140 0.16
40 1 2.91
40 20 5.81
40 40 5.99
40 60 3.14
40 80 1.13
40 100 0.49
40 120 0.12
40 140 0.08
56 1 14.31
56 20 12.73
56 40 7.86
56 60 3.02
56 80 1.07
56 100 0.41
56 120 0.13
56 140 0.01
69 1 11.59
69 20 13.74
69 40 13.27
69 60 7.47
69 80 2.9
69 100 0.93
69 120 0.21
69 140 0.03
89 1 4.53
89 20 1.16
89 40 2.11
89 60 4.06
89 80 6.66
89 100 1.26
89 120 1.15
89 140 0.24
104 1 2.87
104 20 4.46
104 40 3.84
104 60 3.87
104 80 4.19
104 100 5.08
104 120 1.38
104 140 0.65
117 1 4.26
117 20 3.17
117 40 1.69
117 60 4.15
117 80 0.95
117 100 0.22
117 120 0.06
117 140 0.05
129 1 4.73
129 20 7.63
129 40 8.39
129 60 18.38
129 80 3.1
129 100 0.31
129 120 0.09
165 1 2.69
165 20 2.56
165 40 2.13
165 60 1.31
165 80 1.04
165 100 0.83
165 120 0.39
165 140 0.13
194 1 3.29
194 20 2.83
194 40 2.97
194 60 3.11
194 80 2.21
194 100 1.33
194 120 1.36
194 140 0.46
230 1 2.16
230 20 1.19
230 40 0.62
230 60 1.2
230 80 0.6
230 100 0.38
230 120 0.2
230 140 0.16
257 1 4.94
257 20 4.43
257 40 4.67
257 60 4.64
257 80 6.12
257 100 1.27
257 120 0.37
257 140 0.07
285 1 4.29
285 20 4.21
285 40 5.16
285 60 2.37
285 80 1.32
285 100 0.81
285 120 0.19
285 140 0.04
313 1 3.24
313 20 4.29
313 40 3.82
313 60 3.19
313 80 2.07
313 100 1.1
313 120 0.46
313 140 0.17
341 1 4.52
341 20 4.23
341 40 3
341 60 3.48
341 80 1.43
341 100 0.44
341 120 0.23
341 140 0.04
12 1 0.88
12 20 3.45
12 40 0.71
12 60 1.43
12 80 0.69
12 100 0.26
12 120 0.23
12 140 0.04
49 1 5.53
49 20 5.51
49 40 4.71
49 60 3.27
49 80 1.12
49 100 0.39
49 120 0.1
49 140 0.05
58 1 12.36
58 20 4.43
58 40 5.45
58 60 2.49
58 80 0.34
58 100 0.1
58 120 0.07
58 140 0.06
74 1 11.4
74 20 5.22
74 40 6.86
74 60 2.68
74 80 0.83
74 100 0.19
74 120 0.05
74 140 0.06
96 1 3.88
96 20 4.09
96 40 5.61
96 60 4.33
96 80 3.05
96 100 1.33
96 120 0.48
96 140 0.18
109 1 1.6
109 20 2.45
109 40 2.72
109 60 2.91
109 80 1.65
109 100 2.92
109 120 1
109 140 0.18
123 1 5.57
123 20 2.79
123 40 4.03
123 60 7.21
123 80 4.07
123 100 0.25
123 120 0.09
123 140 0.01
137 1 3.59
137 20 2.82
137 40 3.06
137 60 3.05
137 80 2.8
137 100 2.33
137 120 0.06
137 140 0.2
165 1 3.19
165 20 4.02
165 40 3.71
165 60 3.04
165 80 2.71
165 100 1.57
165 120 0.43
165 140 0.06
200 1 3.39
200 20 3.81
200 40 4.75
200 60 3.52
200 80 1.8
200 100 2.04
200 120 0.34
200 140 0
228 1 3.6
228 20 3.59
228 40 4.39
228 60 3.27
228 80 3
228 100 2.13
228 120 0.88
228 140 0.38
263 1 2.17
263 20 3.01
263 40 1.31
263 60 2.86
263 80 2.1
263 100 0.99
263 120 0.39
263 140 0.07
292 1 12.24
292 20 9.26
292 40 6.43
292 60 2.25
292 80 0.55
292 100 0.11
292 120 0.1
292 140 0.01
319 1 4.58
319 20 4.26
319 40 1.01
319 60 1.16
319 80 0.34
319 100 0.12
319 120 0.16
319 140 0.06
343 1 2.55
343 20 2.72
343 40 2.55
343 60 1.42
343 80 1.58
343 100 0.68
343 120 0.65
343 140 0.69
11 1 3.82
11 20 6.56
11 40 4.67
11 60 2.93
11 80 0.88
11 100 0.38
11 120 0.28
11 140 0.11
32 1 3.64
32 20 10.97
32 40 7.77
32 60 3.07
32 80 0.94
32 100 0.09
32 120 0.17
32 140 0.15
45 1 11.39
45 20 6.97
45 40 2.82
45 60 0.77
45 80 0.32
60 1 17.81
60 20 21.28
60 40 13.16
60 60 3.69
60 80 0.34
60 100 1.49
60 140 0.1
75 1 3.39
75 20 5.48
75 40 10.28
75 60 3.83
75 80 1.61
75 100 0.46
75 120 0.16
75 140 0.13
88 1 2.7
88 20 5.08
88 40 7.06
88 60 2.86
88 80 1.32
88 100 0.29
88 120 0.06
101 1 5.6
101 20 6.23
101 40 6.15
101 60 4.2
101 80 2.32
101 100 1.39
101 120 0.39
101 140 0.03
117 1 5.32
117 20 6.73
117 40 6.86
117 60 8.86
117 80 5.52
117 100 0.91
117 120 0.25
117 140 0.01
131 1 14.21
131 20 16.51
131 40 12.83
131 60 3.77
131 80 0.53
131 100 0.62
131 120 0.34
131 140 0.1
164 1 3.87
164 20 3.6
164 40 3.69
164 60 3.24
164 80 2.62
164 100 2.37
164 120 0.54
164 140 0.14
192 1 4.7
192 20 4.22
192 40 17.91
192 60 15.47
192 80 2.95
192 100 0.11
231 1 2.65
231 20 2.51
231 40 2.3
231 60 3.33
231 80 3.29
231 100 3.75
231 120 1.17
231 140 0.3
256 1 2.62
256 20 3.24
256 40 4.45
256 60 1.55
256 80 3.81
256 100 4.42
256 120 0.47
256 140 0.16
286 1 1.92
286 20 2.41
286 40 3.75
286 60 3.42
286 80 2.69
286 100 2.03
286 120 0.58
286 140 0.17
315 1 6.29
315 20 5.49
315 40 5.59
315 60 2.23
315 80 3.12
315 100 0.38
315 120 0.09
315 140 0.11
349 1 3.15
349 20 5.36
349 40 4.06
349 60 2.06
349 80 1.53
349 100 0.37
349 120 0.29
349 140 0.03
30 1 11.2
30 20 13.06
30 40 6.44
30 60 2.17
30 80 0.74
30 100 0.17
30 120 0.02
30 140 0
46 1 8.32
46 20 12.11
46 40 10.56
46 60 3.57
46 80 1.15
46 100 0.3
46 120 0.06
59 1 4.93
59 20 8.45
59 40 6.89
59 60 1.79
59 80 0.32
59 100 0.08
59 120 2.2
59 140 0.78
75 1 4.41
75 20 6.1
75 40 5.26
75 60 7.04
75 80 4.12
75 100 0.92
75 120 0.12
75 140 0.03
88 1 12.61
88 20 16.52
88 40 13.1
88 60 12.6
88 80 4.23
88 100 1.2
88 120 0
88 140 0.01
100 1 5.28
100 20 4.45
100 40 7.33
100 60 3.78
100 80 0.48
114 1 9.52
114 20 25.58
114 40 39.17
114 60 4.23
114 80 0.85
114 100 0.02
114 120 0.1
128 1 6.06
128 20 4.8
128 40 2.79
128 60 3.72
128 80 2.7
128 100 0.31
163 1 4.88
163 20 4.48
163 40 4.22
163 60 3.7
163 80 3.25
163 100 2.76
163 120 0.72
163 140 0.13
186 1 10.74
186 10 9.21
186 20 11.33
186 30 8.08
186 40 8.07
186 60 7.75
186 80 4.68
186 100 2.07
186 120 0.73
186 140 0.28
187 1 5.64
187 10 5.85
187 20 5.8
187 30 4.45
187 40 1.4
187 60 5.31
187 80 3.26
187 100 2.35
187 120 0.42
187 140 0.14
191 1 10.17
191 21 8.51
191 40 6.51
191 60 6.29
191 80 2.74
191 100 2.51
191 120 0.03
219 1 6.06
219 20 4.16
219 40 5.85
219 60 4.4
219 80 2.77
219 100 2.41
219 120 0.97
219 140 0.13
247 1 4.02
247 20 4.82
247 40 6.05
247 60 4.58
247 80 2.76
247 100 1.4
247 120 0.79
247 140 0.25
283 1 4.81
283 21 4.99
283 40 5.27
283 60 5.23
283 80 3.27
283 100 1.43
283 120 0.43
283 140 0.28
311 1 4.54
311 21 4.24
311 40 3.71
311 60 2.53
311 80 1.89
311 100 0.67
311 120 0.42
311 140 0.11
347 1 16.23
347 20 13.08
347 40 5.99
347 60 2
347 80 0.44
347 100 0.11
14 1 7.28
14 20 5.25
14 40 2.26
14 60 0.91
14 80 0.2
14 100 0.03
28 1 12.16
28 20 12.9
28 40 8.66
28 60 3.12
28 80 0.96
28 100 0.24
38 1 4.76
38 20 3.92
38 40 2.82
38 60 3.24
38 80 2.05
38 100 0.5
38 120 0.23
38 140 0.11
52 1 5.69
52 20 6.32
52 40 7.66
52 60 9.07
52 80 6.42
52 100 1.76
52 120 0.23
52 140 0.15
64 1 2.2
64 20 2.26
64 40 2.9
64 60 2.63
64 80 1.75
64 100 1.27
64 120 0.56
64 140 0.16
78 1 3.73
78 20 4.79
78 40 4.04
78 60 3.14
78 80 3.88
78 100 2.07
78 120 0.27
78 140 0.05
99 1 8.57
99 20 8.17
99 40 7.12
99 60 4.56
99 80 2.53
99 100 0.87
99 120 0.24
99 140 0.06
126 1 2.62
126 20 4.93
126 40 5.61
126 60 3.93
126 80 2.74
126 100 1.98
126 120 0.56
126 140 0.08
162 1 2.56
162 20 7.13
162 40 6.49
162 60 5.8
162 80 6.97
162 100 1.33
162 120 0.1
162 140 0.01
196 1 2.75
196 20 4.64
196 40 4.43
196 60 4.56
196 80 5.96
196 100 2.46
196 120 0.62
196 140 0.15
224 1 4.91
224 20 3.72
224 40 3.05
224 60 3.07
224 80 2.25
224 100 1.3
224 120 0.86
224 140 0.28
252 1 3.9
252 20 4.61
252 40 3.38
252 80 2.78
252 100 2.45
252 120 0.53
280 1 3.92
280 20 0.99
280 40 3.79
280 60 3.35
280 80 2.65
280 100 1.79
280 120 0.61
280 140 0.17
316 1 4.85
316 20 2.71
316 40 3.76
316 60 4.75
316 80 2.44
316 100 0.51
316 120 0.2
316 140 0.07
343 1 10.81
343 20 10.37
343 40 6.45
343 60 2.73
343 80 0.85
343 100 0.29
343 120 0.11
343 140 0.03
13 1 4.76
13 20 4.45
13 40 3.8
13 60 2.55
13 80 0.8
13 100 0.5
13 120 0.13
13 140 0.02
43 1 11.8
43 20 12.62
43 40 8.77
43 60 3.82
43 80 1.2
43 100 0.21
43 120 0.08
43 140 0.12
71 1 12.55
71 20 6.77
71 40 8.78
71 60 3.03
71 80 0.47
71 100 0.31
71 120 0.08
71 140 0.04
84 1 5.05
84 20 6.84
84 40 4.1
84 60 3.45
84 80 1.18
84 100 0.13
84 120 0.16
84 140 0.09
97 1 3.88
97 20 0.49
97 40 2.66
97 60 3.59
97 80 1.37
97 100 0.89
97 120 0.13
97 140 0.1
125 1 4.2
125 20 3.55
125 40 0.18
125 60 2.3
125 80 1.61
125 100 0.21
125 120 0.04
153 1 5.43
153 20 4.94
153 40 4.36
153 60 4.01
153 80 3.18
153 100 0.85
153 120 0.11
188 1 0.74
188 20 5.94
188 40 4.66
188 60 4.24
188 80 5.4
188 100 2.04
188 120 0.29
188 140 0.04
223 1 4.16
223 20 2.72
223 40 3.59
223 60 1.77
223 80 0.21
223 100 0.08
223 120 0.03
253 1 3.58
253 20 4.43
253 40 4.26
253 60 5.12
253 80 6.23
253 100 0.78
253 120 0.07
253 140 0.05
295 1 3.21
295 20 4.36
295 40 3.33
295 60 3.61
295 80 2.98
295 100 0.44
295 120 0.11
295 140 0.02
321 1 5.06
321 20 4.31
321 40 2.23
321 60 1.7
321 80 0.98
321 100 0.59
321 120 0.26
321 140 0.05
342 1 4.53
342 20 2.01
342 40 2.45
342 60 2.17
342 80 2.34
342 100 0.79
342 120 0.17
342 140 0.07
15 1 5.1
15 20 4
15 40 4.2
15 60 3.11
15 80 1.49
15 100 0.46
15 120 0.25
15 140 0.02
27 1 5.89
27 20 5.73
27 40 4.55
27 60 2.51
27 80 1.26
27 100 0.37
27 120 0.5
27 140 0.1
43 1 10.45
43 20 10.6
43 40 7.97
43 60 2.79
43 80 0.38
43 100 0
43 140 0.01
55 1 15.24
55 20 13.09
55 40 7.45
55 60 2.77
55 80 1.19
55 100 0.4
55 120 0.18
82 1 8.56
82 20 9.47
82 40 5.91
82 60 1.57
82 80 0.36
82 100 0.05
82 120 0.05
82 140 0.01
97 1 10.97
97 20 16.21
97 40 7.95
97 60 3.05
97 80 1.11
97 100 0.36
97 120 0.1
97 140 0.01
124 1 5.63
124 20 3.89
124 40 3.65
124 60 3.26
124 80 5.89
124 100 1.77
124 120 0.41
124 140 0.15
152 1 4.97
152 20 2.75
152 40 4.48
152 60 5.39
152 80 3.24
152 100 2.47
152 120 0.51
152 140 0.09
187 1 5.63
187 20 0.17
187 40 4.05
187 60 4.5
187 80 6.26
187 100 4.42
187 120 1.94
187 140 0.18
215 1 6.26
215 20 6.3
215 40 5.1
215 60 5.92
215 80 4.92
215 100 3.25
215 120 1.35
215 140 0.58
258 1 3.85
258 20 4.45
258 40 2.44
258 60 3.22
258 80 2.57
258 100 2.47
258 120 1.05
258 140 0.29
285 1 5.18
285 20 4.98
285 40 3.93
285 60 4.41
285 80 4.3
285 100 2.14
285 120 0.56
285 140 0.12
314 1 5.87
314 20 5.38
314 40 4.7
314 60 3.4
314 80 2.82
314 100 1.91
314 120 0.57
314 140 0.2
343 1 3.84
343 20 3.85
343 40 3.42
343 60 2.36
343 80 1.14
343 100 0.78
343 120 0.31
343 140 0.07
29 1 5.96
29 20 6.76
29 40 4.25
29 60 2.07
29 80 1.26
29 100 0.41
29 120 0.09
29 140 0
46 1 8.76
46 20 10.4
46 40 5.71
46 60 2.51
46 80 0.61
46 100 0.19
46 120 0.07
46 140 0
74 1 16.94
74 20 10.51
74 40 10.74
74 60 4.55
74 80 1.44
74 100 0.49
74 120 0.24
102 1 7.74
102 20 9.52
102 40 5.56
102 60 3.43
102 80 1.03
102 100 0.29
102 120 0.08
102 140 0
131 1 5.8
131 20 4.2
131 40 4.63
131 60 5.15
131 80 6.18
131 100 1.73
131 120 0.35
131 140 0.07
158 1 4.8
158 20 4.28
158 40 4.18
158 60 4.02
158 80 3.51
158 100 2.42
158 120 1.53
158 140 0.3
193 1 6.17
193 20 6.5
193 40 5.69
193 60 4.97
193 80 4.72
193 100 2.92
193 120 0.59
193 140 0.08
221 1 6.13
221 20 5.28
221 40 4.7
221 60 4.97
221 80 7.88
221 100 3.82
221 120 0.43
221 140 0.07
257 1 2.66
257 20 3.55
257 40 2.86
257 60 2.47
257 80 2.42
257 100 1.86
257 120 0.6
257 140 0.09
292 1 5.11
292 20 4.09
292 40 2.9
292 60 2.7
292 80 0.96
292 100 1.46
292 120 0.63
292 140 0.31
316 1 4.79
316 20 4.01
316 40 3.58
316 60 0.82
316 80 1.64
316 100 0.76
316 120 0.44
316 140 0.14
347 1 5.05
347 20 5.35
347 40 4.72
347 60 3.14
347 80 1.59
347 100 1.08
347 120 0.46
347 140 0.09
30 1 9.18
30 20 10.24
30 40 6.42
30 60 3.26
30 80 1.99
30 100 0.69
30 120 0.12
51 20 2.35
51 40 11.77
51 60 5.97
51 80 2.55
51 100 1
51 120 0.05
51 140 0.08
79 1 2.92
79 20 10.02
79 40 5.99
79 60 3.8
79 80 1.7
79 100 0.67
79 120 0.28
79 140 0.13
108 1 2.09
108 20 1.17
108 40 3.57
108 60 2.45
108 80 0.89
108 100 1.2
108 120 0.32
108 140 0.03
135 1 3.72
135 20 10.47
135 40 1.88
135 60 6.49
135 80 4.72
135 100 1.37
135 120 0.62
135 140 0.4
156 1 2.53
156 20 4.53
156 40 6.02
156 60 6.55
156 80 4.06
156 100 3.34
156 120 1.63
156 140 1.8
199 1 7.58
199 20 2.68
199 40 6.29
199 60 5.04
199 80 3.79
199 100 2.96
199 120 0.68
199 140 0.19
219 1 4.84
219 20 3.85
219 40 4.23
219 60 4.85
219 80 3.76
219 100 1.81
219 120 0.61
219 140 0.2
255 1 4.26
255 20 2.6
255 40 6.48
255 60 4.69
255 80 3.33
255 100 2.27
255 120 0.79
255 140 0.03
281 1 8.45
281 20 4.17
281 40 9.1
281 60 5.59
281 80 4.02
281 100 0.9
281 120 0.28
313 1 6.19
313 20 12.28
313 40 7.85
313 60 6.87
313 80 5.62
313 100 2.57
313 120 0.71
313 140 0.22
345 1 10.87
345 20 10.51
345 40 7.13
345 60 5.1
345 80 1.41
345 100 1.47
345 120 0.32
345 140 0.01
44 1 14.36
44 20 19.63
44 40 14.24
44 60 5.62
44 80 1.3
44 100 0.4
44 120 0.11
44 140 0.03
58 1 13.86
58 20 15.74
58 40 12.24
58 60 4.98
58 80 1.7
58 100 0.7
58 120 0.3
58 140 0.08
66 1 10.08
66 20 11.91
66 40 8.04
66 60 5.01
66 80 1.88
66 100 0.78
66 120 0.26
66 140 0.08
78 1 10.26
78 20 12.46
78 40 7.01
78 60 9.9
78 80 0.51
78 100 1.36
78 120 0.4
78 140 0.12
106 1 3.57
106 20 3.64
106 40 2.98
106 60 2.49
106 80 1.93
106 100 1.88
106 120 1.7
106 140 0.41
133 1 4.97
133 20 4.76
133 40 4.86
133 60 6.43
133 80 4.46
133 100 1.23
133 120 0.03
133 140 0.03
155 1 6.58
155 20 5.12
155 40 5.57
155 60 6.25
155 80 4.86
155 100 3.08
155 120 0.83
155 140 0.16
183 1 7.72
183 20 7.63
183 40 6.39
183 60 4.75
183 80 2.33
183 100 2.36
183 120 1.56
183 140 0.63
232 1 7.14
232 20 5.4
232 40 4.44
232 60 4.25
232 80 3.1
232 100 2.25
232 120 1.29
232 140 0.24
260 1 6.58
260 20 6.35
260 40 6.98
260 60 5.9
260 80 8.42
260 100 1.36
260 120 0.73
260 140 0.17
281 1 5.76
281 20 6.18
281 40 5.74
281 60 4.98
281 80 3.31
281 100 1.45
281 120 0.83
281 140 0.22
317 1 7.84
317 20 8.2
317 40 4.75
317 60 5.51
317 80 3.63
317 100 2.9
317 120 0.58
317 140 0.04
344 1 6.88
344 20 7
344 40 3.82
344 60 2.63
344 80 1.1
344 100 0.48
344 120 0.36
35 1 12.95
35 20 12.57
35 40 7.93
35 60 4.95
35 80 2.14
35 100 0.7
35 120 0.07
35 140 0.08
52 1 6.99
52 20 7.02
52 40 5.78
52 60 2.64
52 80 0.76
52 100 0.28
52 120 0.23
52 140 0.11
63 1 24.28
63 20 17.71
63 40 7.37
63 60 3.17
63 80 0.72
63 100 0.63
63 120 0.24
63 140 0.2
80 1 11.67
80 20 13.82
80 40 10.96
80 60 7
80 80 2.88
80 100 1.07
80 120 0.39
80 140 0
92 1 5.56
92 20 6.17
92 40 6.48
92 60 5.21
92 80 3.41
92 100 3.13
92 120 0.36
92 140 0.1
93 1 14.36
93 20 16.99
93 40 16.22
93 60 17.18
93 80 3.31
93 100 0.74
93 120 0.3
93 140 0.27
140 1 5.56
140 20 6.17
140 40 6.48
140 60 5.21
140 80 3.41
140 100 3.13
140 120 0.36
140 140 0.1
185 1 4.56
185 20 6.01
185 40 6.52
185 60 5.97
185 80 4.14
185 100 3.89
185 120 1.2
185 140 0.15
196 1 6.49
196 20 6.08
196 40 7.12
196 60 5.69
196 80 3.53
196 100 1.36
196 120 1.01
196 140 0.44
224 1 4.45
224 20 6.14
224 40 5.33
224 60 4.83
224 80 3.12
224 100 1.53
224 120 1.08
224 140 1.11
262 1 7.28
262 20 5.87
262 40 5.56
262 60 7.24
262 80 6.28
262 100 1.92
262 120 0.39
262 140 0.08
276 1 5.11
276 20 6.16
276 40 4.87
276 60 7.65
276 80 2.87
276 100 1.39
276 120 0.24
276 140 0.03
308 1 5.8
308 20 6.14
308 40 4.73
308 60 3.46
308 80 4.37
308 100 0.74
308 120 0.21
336 1 4.6
336 20 5.38
336 40 4.05
336 60 3.13
336 80 2.14
336 100 1.75
336 120 0.36
27 1 15.92
27 20 14.52
27 40 8.31
27 60 3.09
27 80 0.97
27 100 0.12
45 1 11.24
45 20 13.29
45 40 7.24
45 60 5.34
45 80 2
45 100 0.78
45 120 0.34
45 140 0.1
55 1 14.41
55 20 15.54
55 40 11.46
55 60 5.2
55 80 1.93
55 100 0.58
55 120 0.15
55 140 0.08
70 1 8.61
70 20 1.34
70 40 2.24
70 60 1.21
70 80 0.45
70 100 0.35
70 120 0.16
70 140 0.12
83 1 8.67
83 20 3.82
83 40 6.77
83 60 1.36
83 80 1.58
83 100 0.75
83 120 0.14
83 140 0.01
98 1 13.73
98 20 14.68
98 40 4.09
98 60 5.96
98 80 1.74
98 100 0.72
98 120 0.16
98 140 0.05
112 1 21.12
112 20 1.33
112 40 0.51
112 60 2.09
112 80 3.79
112 100 1.31
112 120 0.14
112 140 0.18
139 1 1.46
139 20 1.38
139 40 0.89
139 60 0.42
139 80 5.39
139 100 3.14
139 120 0.77
139 140 0.2
167 1 5.74
167 20 5.94
167 40 5.86
167 60 3.81
167 80 2.65
167 100 0.1
167 120 1.37
167 140 0.63
196 1 0.7
196 20 4.95
196 40 3.03
196 60 1.46
196 80 2.23
196 100 1.23
196 120 1.15
196 140 0.39
230 1 3.44
230 20 4.35
230 40 4.91
230 60 2
230 80 3.66
230 100 2.47
230 120 1.95
230 140 0.65
258 1 5.22
258 20 5.33
258 40 5.04
258 60 3.7
258 80 2.96
258 100 2.47
258 120 0.59
258 140 0.12
287 1 0.64
287 20 0.22
287 40 0.46
287 60 0.61
287 80 0.47
287 100 0.13
287 120 0.13
287 140 0.22
317 1 5.27
317 20 0.34
317 40 4.03
317 60 2.55
317 80 0.76
317 140 0.02
343 1 0.44
343 20 3.96
343 40 0.47
343 60 0.37
343 80 1.09
343 100 1.66
343 120 0.3
343 140 0.1
27 1 1.89
27 20 1.08
27 40 5.3
27 60 2.74
27 80 0.99
27 100 0.23
27 120 0.13
27 140 0.01
39 1 2.17
39 20 12.8
39 40 7.21
39 60 1.09
39 80 1.71
39 100 0.53
39 120 0.1
39 140 0.16
55 1 10.54
55 20 17.05
55 40 11.35
55 60 0.53
55 80 1.9
55 100 0.5
55 120 0.15
55 140 0.05
67 1 17.31
67 20 18.45
67 40 11.47
67 60 5.08
67 80 2.26
67 100 0.87
67 120 0.25
67 140 0.02
80 1 14.18
80 20 15.64
80 40 10.44
80 60 5.38
80 80 1.95
80 100 0.67
80 120 0.23
80 140 0.16
96 1 7.15
96 20 8.25
96 40 6.47
96 60 5.71
96 80 2.63
96 100 1.01
96 120 0.22
96 140 0.26
109 1 16.09
109 20 14.12
109 40 8.9
109 60 7.65
109 80 4.51
109 100 1
109 120 0.21
109 140 0.08
137 1 7.57
137 20 7.81
137 40 5.79
137 60 6.26
137 80 0.97
137 100 0.22
137 120 0.16
137 140 0.18
165 1 0.55
165 20 0.96
165 40 1.19
165 60 4.63
165 80 5.05
165 100 4.26
165 120 1.01
165 140 0.34
200 1 0.56
200 20 1.72
200 40 1.58
200 60 3.13
200 80 3.74
200 100 2.79
200 120 1.34
200 140 0.51
221 1 1.01
221 20 1.86
221 40 1.77
221 60 3.5
221 80 3.13
221 100 3.94
221 120 0.95
221 140 0.44
249 1 7.05
249 20 4.94
249 40 6.03
249 60 4.09
249 80 3.05
249 100 1.14
249 120 0.43
249 140 0.26
284 1 4.53
284 20 4.17
284 40 4.67
284 60 3.06
284 80 1.12
284 100 1.02
284 120 0.14
284 140 0.09
314 1 4.86
314 20 4.79
314 40 4.26
314 60 3.77
314 80 2.52
314 100 0.78
314 120 0.27
314 140 0.04
342 1 4.72
342 20 4.31
342 40 3.6
342 60 2.34
342 80 0.79
342 100 0.81
342 120 0.35
342 140 0.12
29 1 9.61
29 20 10.14
29 40 8.45
29 60 3.38
29 80 1.08
29 100 0.45
29 120 0.08
29 140 0.05
39 1 13.39
39 20 11.14
39 40 5.03
39 60 1.35
39 80 0.21
39 100 0.12
53 1 16.45
53 20 17.31
53 40 9.6
53 60 3.84
53 80 1.21
53 100 0.26
53 140 0.06
95 1 22.8
95 20 12.62
95 40 6.02
95 60 2.51
95 80 0.49
95 100 0.09
130 1 4.95
130 20 3.06
130 40 2.96
130 60 2.69
130 80 1.83
130 100 0.99
130 120 0.63
130 140 0.25
178 1 7.45
178 20 5.08
178 40 5.08
178 60 6.18
178 80 4.16
178 100 2.39
178 120 0.61
178 140 0.17
200 1 3
200 20 3.71
200 40 3.36
200 60 2.8
200 80 1.94
200 100 1.33
200 120 0.64
200 140 0.11
221 1 5.54
221 20 5.36
221 40 5.57
221 60 5.07
221 80 10.08
221 100 1.29
221 120 0.37
221 140 0.04
249 1 5.02
249 20 5.15
249 40 5.18
249 60 5.62
249 80 4.03
249 100 1.94
249 120 0.38
249 140 0.02
286 1 3.22
286 20 3.25
286 40 2.83
286 60 2.62
286 80 2.37
286 100 1.36
286 120 0.33
286 140 0.07
312 1 5.55
312 20 5.53
312 40 3.6
312 60 1.89
312 80 3.32
312 100 0.55
312 120 0.23
312 140 0.02
339 1 0.01
339 20 5.34
339 40 3.13
339 60 1.4
339 80 0.68
339 100 0.02
339 120 0.22
32 1 20.79
32 20 20.72
32 40 10.43
32 60 3.77
32 80 1.02
32 100 0.33
32 120 0.06
53 1 2.17
53 20 3.48
53 40 2.07
53 60 1.34
53 80 0.47
53 100 0.05
53 140 0.01
66 1 0.75
66 20 3.46
66 40 3.43
66 60 2.17
66 80 0.86
66 100 0.46
66 120 0.14
80 1 2.84
80 20 3.14
80 40 5.21
80 60 2.47
80 80 1.23
80 100 0.19
80 120 0.28
80 140 0.07
93 1 19.8
93 20 20.39
93 40 13.29
93 60 10.16
93 80 1.73
93 100 0.55
93 120 0.33
93 140 0.01
105 1 6.43
105 20 5.99
105 40 6.07
105 60 4.39
105 80 3.64
105 100 1.58
105 120 0.24
105 140 0.2
136 80 0.92
136 100 0.27
136 120 0.04
137 0 6.26
137 20 6.21
137 40 0.07
137 60 3.81
172 1 5.31
172 20 4.35
172 40 5.41
172 60 3.76
172 80 2.2
172 100 1.73
172 120 1.79
172 140 0.56
200 0 5.85
200 20 6.61
200 40 5.98
200 60 4.06
200 80 2.56
200 100 0.6
200 120 0.69
200 140 0.01
229 1 4.28
229 20 5.32
229 40 3.38
229 60 3.21
229 80 2.41
229 100 0.79
229 120 1.15
229 140 0.09
251 1 7.09
251 20 6.77
251 40 8.18
251 60 6.74
251 80 2.67
251 100 1.37
251 120 0.3
251 140 0.12
279 1 5.63
279 40 5.08
279 60 6.06
279 80 0.6
279 100 0.46
279 120 0.39
279 140 0.12
318 1 5.13
318 20 5.6
318 40 4.15
318 60 2.2
318 80 1.96
318 100 0.3
318 120 0.06
318 140 0.06
339 4.7 4.82
339 4.4 4.68
339 8.4 3.37
339 8.1 1.75
339 4.7 0.65
339 4.4 0.2
339 8.4 0.02
339 8.1 0.14
17 4.2 13.61
17 19.9 11.45
17 40 5.86
17 61.3 2.09
17 79.9 0.42
17 102.2 0.1
43 5.5 5.18
43 19.7 5.99
43 39.4 4.83
43 60.1 2.58
43 80.4 1.45
43 99.2 0.72
43 119.5 0.32
73 4.7 4.19
73 19.9 4.81
73 39.8 3.35
73 59.7 2.65
73 81.1 1.41
73 99.1 3.35
73 121.5 0.25
73 139.4 0.14
106 4.9 2.61
106 19.9 1.84
106 36.9 0.61
106 60.9 1.12
106 78.8 0.66
106 98.4 0.55
106 119.7 0.4
151 1 9.46
151 21.8 6.73
151 41.1 4.17
151 60.6 5.45
151 80.8 3.07
151 100.9 0.86
151 119.9 0.19
174 4.6 6.65
174 20.5 7.19
174 40.1 4.91
174 61 4.42
174 79.7 3.43
174 100.8 2.22
174 120.5 1.38
174 139.9 0.69
227 3.4 4.31
227 19 5.22
227 39.9 4.66
227 59.5 6.13
227 79.4 4.07
227 100.2 0.83
227 119.3 0.15
227 140.7 0.04
256 3.5 3.9
256 19.7 3.59
256 40 4.17
256 58.9 2.95
256 79.7 4.18
256 100.1 2.06
256 119.4 0.52
283 4.2 3.2
283 18.7 2.93
283 40.1 3.14
283 58.5 3.12
283 76.7 4.31
283 95.8 1.22
283 117.6 0.21
283 138.3 0.02
315 3.3 3.14
315 19.5 3.51
315 40 3.09
315 58.1 2.26
315 79.8 1.97
315 100.2 1.36
315 120.1 0.3
315 139.7 0.06
40 20.3 15.79
40 40.9 11.07
40 60.8 4.49
40 81.2 2.2
40 98.7 0.81
40 119.8 0.07
40 140.1 0.06
53 3.2 16.4
53 18.9 11.81
53 41.1 5.73
53 60.2 1.59
53 79 0.57
53 100.6 0.1
53 120.2 0.02
53 139.6 0.02
65 5.4 5.13
65 20.1 11.66
65 39.9 10.32
65 59.7 5.25
65 80.7 1.53
65 100.5 0.34
65 120.4 0.16
65 141.3 0.1
105 3.9 3.32
105 19.6 4.26
105 40.2 3.59
105 60.2 2.95
105 80.2 2.32
105 100.9 1.88
105 119.6 0.58
136 3.8 3.34
136 20 3.99
136 39.2 3.69
136 38.1 2.97
136 39.3 3.58
136 39 3.53
136 38.8 2.44
136 60.3 0.41
162 8.7 4.32
162 19.7 4.83
162 41 5
162 59.7 4
162 80.1 3.83
162 98 1.92
162 120.5 0.03
196 4.7 4.53
196 20 4.98
196 39.9 4.15
196 59.9 15.83
196 79.9 2.54
196 100.6 0.92
196 120.2 0.35
227 3.8 5.64
227 20.3 3.67
227 39.5 4.19
227 61.5 4.53
227 80 4.4
227 101.4 1.71
227 120.2 0.31
227 141.3 0.05
255 4.6 5.61
255 20 5.95
255 40.8 6.62
255 60.5 4.44
255 80.9 3.11
255 100.6 1.17
255 120.7 0.35
255 139 0.07
283 4.2 3.73
283 20.1 3
283 39.6 1.95
283 59.9 3.29
283 80.2 7.94
283 99 1.41
283 119.6 0.15
312 5.2 1.95
312 19.6 2.38
312 39.5 2.74
312 60.3 1.47
312 78.9 1.76
312 100.5 1.15
312 121 0.15
343 4.6 4.32
343 20.1 5.61
343 39.7 4.28
343 60.2 2.53
343 80.9 0.49
343 99.3 0.52
55 4.1 20.41
55 21 17.72
55 39.9 17.02
55 79.6 3.29
55 119.9 0.44
55 139.8 0.06
84 4.5 27.93
84 20.1 15.75
84 40.6 8.59
84 60.2 2.12
84 80.2 0.75
84 100.9 1.51
84 119.9 0.09
84 140.8 0.42
97 3.2 34.74
97 19.7 27.3
97 39.8 13.1
97 59.9 2
97 100.1 0.17
97 140 0.09
112 4 2.45
112 21 2.83
112 40.3 4.06
112 59.6 3.77
112 79.8 6.21
112 101.4 0.97
112 121 0.24
112 139.1 0.07
134 4.9 9.73
134 20.2 9.39
134 40.8 5.84
134 60.4 3.29
134 79.9 2.74
134 100.5 0.36
134 140.7 0.01
174 2.4 9.17
174 19.9 7.78
174 39.8 6.42
174 59.8 5.23
174 79.7 4.79
174 99.9 0.75
174 120 0.06
205 5.1 3.9
205 21.6 4.06
205 39.8 4.21
205 60.7 3.79
205 81.1 2.66
205 100.4 2.09
205 120.2 0.59
205 140.1 0.12
233 4.6 4.92
233 19.7 6.22
233 39.4 4.96
233 60 4.62
233 79.3 5.72
233 99.7 1.39
233 120.1 0.23
233 140.5 0.14
249 20.8 4.73
249 39.8 2.94
249 59.7 6.33
249 79.9 4.02
249 98.2 0.48
249 120 0.06
249 140.4 0.06
280 4.9 2.37
280 19.9 2.08
280 39.9 0.46
280 59.4 4.3
280 79.4 4.7
280 100.5 1.36
280 120.7 0.22
280 137.7 0.13
315 9.2 4.62
315 20 2.45
315 40.1 2.22
315 60.6 1.92
315 78.6 0.43
315 98.2 4.39
315 118 0.01
315 140.3 0.09
343 3.8 4.36
343 17.7 5.93
343 38.3 3.12
343 60 1.85
343 97.1 0.06
343 120.9 0.95
343 139.5 1.27
65 4.9 15.71
65 19.1 13.58
65 40.3 6.03
65 58.8 4.12
65 79.6 1.31
65 100.1 0.44
65 119.1 0.13
86 4.2 16.25
86 19 15.49
86 39.1 16.41
86 59.7 6.08
86 79.7 2.01
86 99.2 0.17
86 120 0.08
86 140 0.08
97 5.4 9.2
97 20 19.5
97 38.5 12.14
97 60.7 4.52
97 80.2 0.85
97 100.7 0.03
97 118.7 0.01
117 5.1 5.54
117 20.2 4.02
117 40.5 3.92
117 60.8 8.04
117 79.1 4.05
117 99.3 4.1
117 120.2 0.06
117 140.6 0.04
138 3.5 2.83
138 20.9 6.25
138 39.1 4.61
138 60.1 8.06
138 79.7 1.64
138 101.1 0.41
167 4.3 4.66
167 19.3 4.56
167 41.1 6.86
167 58.7 9.06
167 80.4 2.73
167 99.9 1.2
167 119.3 0.18
167 141 0.06
188 4.9 1.97
188 19.6 3.06
188 40.3 4.88
188 60.9 4.18
188 80 2.35
188 99.3 1.54
188 120.8 0.31
231 5.4 2.59
231 20 3.13
231 40.6 3.48
231 60.2 3.46
231 80.7 2.23
231 100.4 1.03
231 119.7 0.37
256 5.6 2.01
256 19.6 1.98
256 39.3 2.11
256 59.5 1.14
256 99.5 0.76
256 119.8 0.31
256 139 0.05
305 5.2 5.84
305 18.6 6.95
305 41.1 4.87
305 59.9 3.43
305 81.5 2.08
305 98.7 0.74
305 119 0.15
305 139.5 0
322 4 4.31
322 19.8 4.54
322 40.2 2.45
322 60.3 0.96
322 80.2 0.55
322 99.3 0.2
322 119.9 0.01
343 4.7 5.55
343 19.7 4.72
343 39.7 4.18
343 60.3 1.85
343 81.2 0.65
343 100.4 0.36
343 120.6 0.09
30 5.8 12.82
30 11.1 11.95
30 18.5 4.53
30 40.4 0.36
30 60.6 0.23
30 81 0.21
30 99.3 0.01
41 4.4 5.25
41 19.2 3.94
41 39.5 2.85
41 59.6 1.4
41 79.4 0.25
41 100.1 0.86
41 119.7 0.08
69 4.6 1.02
69 20.7 5.04
69 38.7 4.02
69 60.7 2.61
69 80.6 1.44
69 99.3 0.48
69 120.3 0.07
69 138.6 0.09
89 5.7 2.17
89 20 3.96
89 5.4 3.87
89 38.4 2.8
89 38.5 1.06
89 57.4 0.75
89 77.6 0.19
103 5.5 2.23
103 19.4 3.21
103 39.4 3.26
103 60.3 3.02
103 78.8 1.77
103 100.1 0.94
103 120.2 0.35
103 139.2 0.13
117 5.1 1.33
117 20.2 1.87
117 39.7 1.88
117 59.9 1.4
117 80.8 1.15
117 103.5 1.5
117 120.2 0.57
117 139.5 0.21
141 6 3.45
141 21.2 6.25
141 38.9 4.94
141 61 8.77
141 80.3 3.03
141 100 0.38
141 119.8 0
141 139.3 0.08
171 4.4 5.51
171 21.1 3.7
171 40.4 2.6
171 60.5 5.14
171 78.7 3.75
171 100.3 0.99
171 119.9 0.13
171 140.8 0.01
195 4.3 5.63
195 19.7 2.31
195 39.2 5.33
195 60 4.32
195 81.6 4.99
195 98.6 1.52
195 119.2 0.13
234 4.5 4.74
234 18.1 3.58
234 38.4 2.18
234 60.2 2.78
234 78.4 2.67
234 99.3 2.12
234 120.2 0.43
234 139.3 0.1
257 7.1 4.17
257 20.4 3.33
257 40.7 2.08
257 60.1 1.55
257 80.5 1.01
257 99.8 0.68
257 121.2 0.29
257 140.6 0.43
294 5.8 3.52
294 20.8 2.66
294 39.7 3.2
294 60.5 3.24
294 79.9 1.75
294 100.5 0.6
294 120.2 0.23
294 140.7 0.18
320 6.1 6.33
320 19.9 7.7
320 39 5.58
320 60.7 1.59
320 80.2 0.47
320 99.2 0.18
347 5.3 3.5
347 19.9 4.38
347 40.2 3.69
347 59.5 3.12
347 80.7 1.24
347 140.7 0.17
23 6.6 10.34
23 21 9.24
23 41.2 5.5
23 60 2.26
23 80.7 0.83
23 99.8 0.17
23 119.8 0.11
23 140.8 0.01
44 6.5 15.11
44 20.6 14.9
44 39.9 10.05
44 59.9 4.13
44 79.6 1.48
44 99.5 0.32
44 120.5 0.1
44 139.4 0.39
57 4.7 19.61
57 20.4 20.87
57 40.8 13.05
57 60.8 4.62
57 80.8 1.72
57 99.4 0.41
97 6.6 9.74
97 20.6 9.95
97 40.6 7.8
97 60.6 4.5
97 79.9 1.22
97 99.6 0.24
97 120.9 0.15
97 140.6 0.03
114 5.5 2.74
114 20 2.6
114 39.9 1.92
114 59.1 1.62
114 81 1.53
114 100 1.22
114 120.8 0.25
114 140.3 0.1
136 6.1 3.87
136 19.9 4.26
136 40 4.27
136 59.4 4.54
136 80.1 6.33
136 100.6 2.25
136 120.9 0.51
136 138.9 0.15
167 4.6 4.47
167 20.4 4.55
167 39.4 5.88
167 58.8 2.54
167 78.3 4.23
167 100 2.72
167 120.1 0.52
167 140.1 0.11
187 4.5 2.2
187 20.7 2.26
187 41.1 2.15
187 59.8 2.03
187 79.7 1.66
187 100 0.84
187 119.7 0.33
187 140.4 0.08
215 3.6 5.15
215 18.8 4.18
215 39.4 3.33
215 59.2 3.56
215 80.3 3.07
215 100 1.62
215 119.2 1.1
215 141.3 0.14
261 3.7 1.35
261 20 1.83
261 40.2 2.05
261 59.6 3.16
261 79.7 1.99
261 99.5 0.76
261 119.8 0.29
261 140.2 0.12
293 3.7 1.71
293 19.4 2.1
293 39.7 1.73
293 60 3.16
293 79.5 2.27
293 99.8 1.02
293 119.9 0.23
319 2.9 3.84
319 20.3 4.77
319 40.8 2.32
319 59.7 4.25
319 80.2 1.02
319 99.1 2.72
319 120.8 0.19
344 3.6 4.16
344 20.2 4.76
344 40.1 2.23
344 61.4 2.47
344 81.1 1.75
344 101.1 2.71
344 160.6 0.51
65 1 11.47
65 20 7.14
65 40 5.01
65 60 4.92
65 80 3.58
65 100 1.38
65 120 0
102 4.3 5.11
102 19.7 6.17
102 41.1 4.07
102 59.8 7.33
102 79.6 2.52
102 100 2.25
102 119.8 1.53
102 140.4 0.54
120 3.8 7.18
120 19.5 14.09
120 39.4 8.34
120 60.8 12.82
120 79.8 7.42
120 100.8 4.02
120 121.2 0.76
164 3.7 7.5
164 19.1 4.83
164 39.3 3.55
164 58.9 3.47
164 79.9 4.73
164 98.9 1.65
164 119.5 0.38
164 139.5 0.07
192 3.1 6.89
192 20.9 6.28
192 40 4.5
192 60 4.43
192 80.5 6.37
192 99.9 2.11
192 120.1 0.5
234 2.5 4.18
234 18.9 2.73
234 39.8 3.93
234 60.5 2.9
234 79.2 2.39
234 100 1.25
234 120.1 0.71
234 140.5 0.21
257 3.4 3.45
257 19.8 1.7
257 38.8 5.27
257 59.4 3.16
257 79.7 2.46
257 99.7 1.77
257 118.9 0.91
257 140.7 0.05
302 4 2.81
302 20.7 4.21
302 40.7 2.46
302 60.9 2.62
302 80 1.81
302 99 0.8
302 139.3 0.03
325 3.9 4.55
325 20.3 3.49
325 41.7 2.82
325 61.3 1.06
325 79.7 0.39
325 100.8 0.2
325 120.2 0.21
325 140.5 0.14
345 1 3.57
345 20 3.97
345 40 3
345 60 2.21
345 80 0.86
345 100 1.04
345 120 0.25
345 140 0.08
35 4.3 7.76
35 20.8 9.19
35 40 5.34
35 60.7 2.44
35 81.2 1.15
35 99.9 0.16
35 122.1 0.11
35 141.6 0.02
51 5.7 11.9
51 40.7 6.13
51 61.4 2.58
51 79.3 1.08
51 101.8 0.51
51 140.9 1.21
72 5.1 8.25
72 19.7 9.51
72 41.4 14.59
72 60.1 5.24
72 80.1 1.42
72 100.3 1.19
72 120.3 0.27
99 3.3 6.26
99 20.2 4.68
99 40.1 4.2
99 60.3 5.23
99 79.7 7.06
99 99.9 2.44
99 119.5 0.35
114 5.2 0.59
114 20.8 3.05
114 40.2 2.37
114 61.6 4.01
114 80.4 1.58
114 98.9 1.38
114 119.5 0.78
114 140.5 0.06
133 3.2 9.74
133 21 7.4
133 40.6 6.9
133 60.1 6.76
133 79.3 10.03
133 139.8 0.66
148 4.2 11.92
148 20.6 12.43
148 39.6 13.37
148 61.6 9.76
148 80.6 6.02
148 100.3 1.51
148 119 0.15
148 140.5 0.03
175 4.5 0.94
175 19.2 3.81
175 39.8 4.09
175 59.3 2.71
175 80.1 1.74
175 100 2.68
175 119.7 0.61
198 4.2 3.98
198 19.8 3.21
198 40.4 2.94
198 59.7 2.86
198 79.2 2
198 142.8 0.11
232 6 8.06
232 20.2 3.57
232 40.6 8.02
232 60 5.5
232 80.8 5.45
232 101.6 1.44
232 122.7 0.25
232 139.9 0.25
256 4.2 2.34
256 21.2 2.2
256 40.1 3.31
256 61.2 3.21
256 80.4 2.89
256 101.5 1.79
256 120.6 0.62
256 140.4 0.21
333 4 1.35
333 19.3 1.22
333 39.9 0.85
333 60.4 1.15
333 79.6 0.82
333 99.7 0.19
333 120.4 0.28
347 3 3.03
347 19.7 3.89
347 40.8 2.38
347 61.3 1.85
347 80.8 1.13
347 99.8 0.86
347 119.8 0.31
347 142 0.02
69 5.4 2.91
69 19.8 2.45
69 38.9 1.9
69 59.4 2.75
69 80 0.91
69 100.5 0.87
69 123.3 0.08
84 5.4 3.22
84 18.6 2.32
84 38.7 3.01
84 60.8 2.52
84 80.7 3.19
84 100.3 1.72
84 120.7 0.1
84 140.5 0.43
96 5.2 2.83
96 19.7 1.66
96 41 1.23
96 59.4 1.3
96 80.3 1.59
96 98.3 0.43
96 118.5 0.46
107 4.3 2.87
107 20.2 1.72
107 39.7 2.38
107 59.4 2.11
107 79.5 1.67
107 99.2 1.39
107 119.2 1.02
107 141.9 0.51
126 5 4.08
126 19.6 3.03
126 40.2 2.5
126 60.4 3.23
126 80.7 2.05
126 99.5 2.46
126 121 0.96
126 143.4 0.13
167 4.2 4.75
167 20.5 2.56
167 39.7 2.23
167 60.2 1.43
167 78.8 2.97
167 101 2.2
167 119.1 1.57
167 140.8 0.92
205 3.2 5.91
205 20.4 3.47
205 40 0.01
205 60 3.85
205 80.7 2.63
205 100.3 1.5
205 120.4 1.18
205 142.3 0.4
232 4.8 3.6
232 20.3 2.45
232 39.6 2.66
232 59.8 3.39
232 79.7 2.89
232 99.3 1.83
232 120.8 1.15
232 143.1 0.42
265 4.5 3.02
265 20.3 3.3
265 39.5 2.32
265 59.7 2.18
265 80.3 1.74
265 99.7 1.94
265 120.5 0.9
265 141.5 0.42
293 5.4 4.44
293 20.5 3.98
293 39.7 2.48
293 58.4 1.97
293 81.1 3.02
293 102.1 2.37
293 121.3 1.35
293 145.5 0.63
325 5.5 4.7
325 18.9 5.28
325 41.5 4.84
325 59.6 3.02
325 78.2 1.52
325 99.6 1.48
325 121.7 0.34
325 141.2 1
349 3.7 1.7
349 19.8 1.42
349 40.5 0.94
349 59.1 0.6
349 80.7 0.65
349 100.3 0.51
349 120.8 0.08
