LogL              mu0hat         gmax           KPHY           mz             KN             KPnif          Lnifp          RDNp           Q0N            wDET           aI0_C 
  -1.555E+05     8.000E-01     1.350E+00     3.125E-02     2.400E+00     2.000E-01     1.000E-03     2.720E+00     1.500E-01     6.000E-02     6.000E-01     5.500E-02
  -4.119E+03     7.724E-01     1.500E+00     2.264E-02     2.086E+00     1.624E-01     8.455E-04     1.584E+00     1.266E-01     6.088E-02     6.188E-01     5.618E-02
  -3.441E+03     7.724E-01     1.500E+00     2.264E-02     2.086E+00     1.624E-01     8.455E-04     1.584E+00     1.266E-01     6.088E-02     6.188E-01     5.618E-02
  -3.028E+03     7.830E-01     1.468E+00     2.241E-02     2.173E+00     1.587E-01     8.923E-04     1.481E+00     1.269E-01     6.154E-02     6.188E-01     5.758E-02
  -1.404E+03     9.989E-01     1.316E+00     4.175E-02     1.468E+00     2.089E-01     1.192E-03     1.538E+00     1.448E-01     5.552E-02     8.090E-01     5.749E-02
   4.760E+02     8.603E-01     1.263E+00     5.614E-02     8.080E-01     2.399E-01     1.596E-03     1.558E+00     1.572E-01     5.571E-02     9.946E-01     4.325E-02
   7.894E+02     8.576E-01     1.271E+00     5.514E-02     8.189E-01     2.476E-01     1.623E-03     1.554E+00     1.577E-01     5.442E-02     1.001E+00     4.281E-02
   7.962E+02     8.576E-01     1.271E+00     5.514E-02     8.189E-01     2.476E-01     1.623E-03     1.554E+00     1.577E-01     5.442E-02     1.001E+00     4.281E-02
   7.957E+02     8.576E-01     1.271E+00     5.514E-02     8.189E-01     2.476E-01     1.623E-03     1.554E+00     1.577E-01     5.442E-02     1.001E+00     4.281E-02
   7.913E+02     8.576E-01     1.271E+00     5.514E-02     8.189E-01     2.476E-01     1.623E-03     1.554E+00     1.577E-01     5.442E-02     1.001E+00     4.281E-02
   8.935E+02     6.737E-01     1.187E+00     4.822E-02     9.994E-01     2.760E-01     1.867E-03     1.343E+00     1.387E-01     5.331E-02     1.205E+00     4.393E-02
   1.900E+03     8.374E-01     1.275E+00     4.701E-02     1.270E+00     2.628E-01     1.781E-03     1.262E+00     1.501E-01     6.202E-02     1.204E+00     4.410E-02
   2.391E+03     8.707E-01     1.118E+00     5.199E-02     8.170E-01     3.081E-01     1.651E-03     1.508E+00     1.402E-01     6.788E-02     1.208E+00     4.589E-02
   2.599E+03     8.631E-01     1.095E+00     5.182E-02     8.352E-01     3.111E-01     1.663E-03     1.445E+00     1.410E-01     6.895E-02     1.216E+00     4.518E-02
   2.608E+03     8.631E-01     1.095E+00     5.182E-02     8.352E-01     3.111E-01     1.663E-03     1.445E+00     1.410E-01     6.895E-02     1.216E+00     4.518E-02
   2.606E+03     8.631E-01     1.095E+00     5.182E-02     8.352E-01     3.111E-01     1.663E-03     1.445E+00     1.410E-01     6.895E-02     1.216E+00     4.518E-02
   2.605E+03     8.631E-01     1.095E+00     5.182E-02     8.352E-01     3.111E-01     1.663E-03     1.445E+00     1.410E-01     6.895E-02     1.216E+00     4.518E-02
   2.604E+03     8.631E-01     1.095E+00     5.182E-02     8.352E-01     3.111E-01     1.663E-03     1.445E+00     1.410E-01     6.895E-02     1.216E+00     4.518E-02
   2.606E+03     8.631E-01     1.095E+00     5.182E-02     8.352E-01     3.111E-01     1.663E-03     1.445E+00     1.410E-01     6.895E-02     1.216E+00     4.518E-02
   2.710E+03     8.675E-01     1.109E+00     5.086E-02     8.456E-01     3.135E-01     1.686E-03     1.454E+00     1.422E-01     6.994E-02     1.233E+00     4.695E-02
  -1.555E+05     8.000E-01     1.350E+00     3.125E-02     2.400E+00     2.000E-01     1.000E-03     2.720E+00     1.500E-01     6.000E-02     6.000E-01     5.500E-02
  -5.293E+03     7.984E-01     1.363E+00     3.241E-02     2.460E+00     1.977E-01     1.040E-03     2.690E+00     1.490E-01     6.142E-02     5.987E-01     5.539E-02
  -5.267E+03     7.984E-01     1.363E+00     3.241E-02     2.460E+00     1.977E-01     1.040E-03     2.690E+00     1.490E-01     6.142E-02     5.987E-01     5.539E-02
  -5.266E+03     7.984E-01     1.363E+00     3.241E-02     2.460E+00     1.977E-01     1.040E-03     2.690E+00     1.490E-01     6.142E-02     5.987E-01     5.539E-02
  -4.573E+03     9.011E-01     1.090E+00     3.381E-02     2.372E+00     1.589E-01     8.624E-04     3.676E+00     1.844E-01     5.309E-02     6.782E-01     6.199E-02
  -3.470E+03     8.092E-01     1.086E+00     3.516E-02     2.469E+00     8.062E-02     6.157E-04     3.209E+00     1.544E-01     5.412E-02     1.052E+00     5.149E-02
  -6.590E+02     8.101E-01     1.071E+00     3.438E-02     2.424E+00     7.993E-02     6.020E-04     3.187E+00     1.553E-01     5.525E-02     1.050E+00     5.154E-02
  -6.546E+02     8.101E-01     1.071E+00     3.438E-02     2.424E+00     7.993E-02     6.020E-04     3.187E+00     1.553E-01     5.525E-02     1.050E+00     5.154E-02
  -6.554E+02     8.077E-01     1.093E+00     3.511E-02     2.408E+00     7.718E-02     6.476E-04     3.173E+00     1.509E-01     5.329E-02     1.051E+00     4.977E-02
  -4.577E+02     8.189E-01     1.110E+00     3.507E-02     2.390E+00     7.122E-02     6.797E-04     3.267E+00     1.471E-01     5.395E-02     1.074E+00     4.916E-02
  -4.202E+02     8.189E-01     1.110E+00     3.507E-02     2.390E+00     7.122E-02     6.797E-04     3.267E+00     1.471E-01     5.395E-02     1.074E+00     4.916E-02
  -4.211E+02     8.189E-01     1.110E+00     3.507E-02     2.390E+00     7.122E-02     6.797E-04     3.267E+00     1.471E-01     5.395E-02     1.074E+00     4.916E-02
  -3.986E+02     8.271E-01     1.094E+00     3.594E-02     2.416E+00     7.583E-02     7.030E-04     3.313E+00     1.450E-01     5.402E-02     1.089E+00     4.810E-02
  -3.295E+02     8.140E-01     1.072E+00     3.657E-02     2.470E+00     7.204E-02     7.221E-04     3.405E+00     1.467E-01     5.308E-02     1.127E+00     4.704E-02
  -2.551E+02     8.140E-01     1.072E+00     3.657E-02     2.470E+00     7.204E-02     7.221E-04     3.405E+00     1.467E-01     5.308E-02     1.127E+00     4.704E-02
   1.063E+03     8.354E-01     1.141E+00     3.705E-02     1.942E+00     5.579E-02     8.910E-04     3.124E+00     1.576E-01     5.933E-02     1.146E+00     4.829E-02
   1.394E+03     8.328E-01     1.133E+00     3.631E-02     1.941E+00     5.335E-02     8.926E-04     3.130E+00     1.590E-01     6.016E-02     1.148E+00     4.860E-02
   1.396E+03     8.328E-01     1.133E+00     3.631E-02     1.941E+00     5.335E-02     8.926E-04     3.130E+00     1.590E-01     6.016E-02     1.148E+00     4.860E-02
   1.437E+03     8.403E-01     1.113E+00     3.582E-02     1.981E+00     5.398E-02     9.064E-04     3.138E+00     1.554E-01     6.111E-02     1.145E+00     4.876E-02
   3.061E+03     8.059E-01     9.366E-01     4.015E-02     2.063E+00     6.603E-02     1.040E-03     2.817E+00     1.951E-01     7.474E-02     1.185E+00     4.616E-02
