Run        LogL       sigmaHOTTI    sigmaHOTCH    sigmaHOTNP    sigmaHOTPO    sigmaHOTPO    sigmaHOTPO    sigmaHOTDI    SSqEHOTTIN    SSqEHOTCHL    SSqEHOTNPP    SSqEHOTPON    SSqEHOTPO4    SSqEHOTPOP    SSqEHOTDIA
        1   -3.034E+05     1.000E-01     1.000E-01     1.000E-01     1.000E-01     1.000E-01     1.000E-01     1.000E-01     2.355E+03     3.342E+03     1.481E+02     7.056E+02     1.121E+02     2.214E+02     1.661E+01
        2   -3.034E+05     6.081E-01     6.376E-01     2.903E-01     4.934E-01     1.188E-01     2.759E-01     6.673E-01     2.355E+03     3.342E+03     1.481E+02     7.056E+02     1.121E+02     2.214E+02     1.661E+01
        3   -4.705E+03     1.026E-01     2.811E-01     2.445E-01     1.630E-01     1.554E-01     1.406E-01     6.968E-01     6.524E+01     6.450E+02     9.969E+01     7.417E+01     1.950E+02     5.718E+01     6.529E+00
        4    1.064E+04     1.021E-01     2.816E-01     2.469E-01     1.639E-01     1.562E-01     1.414E-01     5.637E-01     6.524E+01     6.450E+02     9.969E+01     7.417E+01     1.950E+02     5.718E+01     6.529E+00
        5    1.174E+04     9.758E-02     2.497E-01     2.528E-01     1.422E-01     1.631E-01     1.396E-01     5.604E-01     6.092E+01     5.159E+02     1.062E+02     5.684E+01     2.092E+02     5.336E+01     6.052E+00
        6    1.191E+04     9.574E-02     2.523E-01     2.472E-01     1.398E-01     1.615E-01     1.369E-01     5.084E-01     6.092E+01     5.159E+02     1.062E+02     5.684E+01     2.092E+02     5.336E+01     6.052E+00
        7    1.191E+04     9.708E-02     2.496E-01     2.534E-01     1.450E-01     1.610E-01     1.364E-01     4.230E-01     6.092E+01     5.159E+02     1.062E+02     5.684E+01     2.092E+02     5.336E+01     6.052E+00
        8    1.230E+04     9.053E-02     2.536E-01     2.619E-01     1.421E-01     1.586E-01     1.377E-01     4.609E-01     5.175E+01     5.343E+02     1.164E+02     5.885E+01     2.030E+02     5.148E+01     5.839E+00
        9    1.272E+04     8.989E-02     2.477E-01     2.567E-01     1.403E-01     1.601E-01     1.332E-01     4.762E-01     5.098E+01     4.962E+02     1.159E+02     5.483E+01     2.072E+02     5.086E+01     5.596E+00
       10    1.273E+04     8.870E-02     2.462E-01     2.644E-01     1.439E-01     1.588E-01     1.371E-01     4.397E-01     5.098E+01     4.962E+02     1.159E+02     5.483E+01     2.072E+02     5.086E+01     5.596E+00
       11    1.317E+04     8.608E-02     2.420E-01     2.597E-01     1.404E-01     1.591E-01     1.313E-01     4.055E-01     4.707E+01     4.810E+02     1.158E+02     5.362E+01     2.061E+02     5.046E+01     4.519E+00
       12    1.360E+04     8.617E-02     2.223E-01     2.679E-01     1.398E-01     1.673E-01     1.313E-01     3.334E-01     4.605E+01     3.970E+02     1.254E+02     5.462E+01     2.224E+02     4.884E+01     4.647E+00
       13    1.368E+04     8.516E-02     2.188E-01     2.681E-01     1.385E-01     1.650E-01     1.285E-01     4.987E-01     4.605E+01     3.970E+02     1.254E+02     5.462E+01     2.224E+02     4.884E+01     4.647E+00
       14    1.369E+04     8.486E-02     2.215E-01     2.678E-01     1.379E-01     1.656E-01     1.337E-01     4.653E-01     4.605E+01     3.970E+02     1.254E+02     5.462E+01     2.224E+02     4.884E+01     4.647E+00
       15    1.369E+04     8.366E-02     2.199E-01     2.786E-01     1.387E-01     1.668E-01     1.295E-01     4.121E-01     4.605E+01     3.970E+02     1.254E+02     5.462E+01     2.224E+02     4.884E+01     4.647E+00
       16    1.369E+04     8.104E-02     2.214E-01     2.771E-01     1.487E-01     1.666E-01     1.307E-01     4.860E-01     4.322E+01     3.941E+02     1.327E+02     6.081E+01     2.230E+02     4.900E+01     4.500E+00
       17    1.371E+04     8.235E-02     2.207E-01     2.827E-01     1.441E-01     1.655E-01     1.333E-01     3.880E-01     4.322E+01     3.941E+02     1.327E+02     6.081E+01     2.230E+02     4.900E+01     4.500E+00
       18    1.370E+04     8.118E-02     2.217E-01     2.843E-01     1.487E-01     1.668E-01     1.299E-01     3.992E-01     4.322E+01     3.941E+02     1.327E+02     6.081E+01     2.230E+02     4.900E+01     4.500E+00
       19    1.370E+04     8.254E-02     2.197E-01     2.745E-01     1.495E-01     1.672E-01     1.322E-01     4.996E-01     4.322E+01     3.941E+02     1.327E+02     6.081E+01     2.230E+02     4.900E+01     4.500E+00
       20    1.370E+04     8.342E-02     2.192E-01     2.847E-01     1.456E-01     1.652E-01     1.294E-01     4.896E-01     4.322E+01     3.941E+02     1.327E+02     6.081E+01     2.230E+02     4.900E+01     4.500E+00
       21    1.375E+04     8.033E-02     2.242E-01     2.854E-01     1.487E-01     1.673E-01     1.287E-01     5.009E-01     4.163E+01     3.993E+02     1.371E+02     6.170E+01     2.232E+02     4.780E+01     4.364E+00
       22    1.376E+04     8.008E-02     2.170E-01     2.845E-01     1.504E-01     1.647E-01     1.305E-01     3.606E-01     4.163E+01     3.993E+02     1.371E+02     6.170E+01     2.232E+02     4.780E+01     4.364E+00
       23    1.377E+04     7.975E-02     2.209E-01     2.882E-01     1.485E-01     1.668E-01     1.294E-01     3.335E-01     4.151E+01     4.024E+02     1.372E+02     6.078E+01     2.220E+02     4.777E+01     4.364E+00
       24    1.378E+04     8.045E-02     2.251E-01     2.851E-01     1.471E-01     1.651E-01     1.300E-01     5.032E-01     4.179E+01     4.012E+02     1.359E+02     6.056E+01     2.218E+02     4.790E+01     4.388E+00
       25    1.379E+04     8.195E-02     2.215E-01     2.793E-01     1.467E-01     1.653E-01     1.331E-01     5.097E-01     4.282E+01     4.006E+02     1.320E+02     5.840E+01     2.212E+02     4.812E+01     4.425E+00
       26    1.379E+04     8.291E-02     2.227E-01     2.872E-01     1.440E-01     1.656E-01     1.279E-01     4.034E-01     4.282E+01     4.006E+02     1.320E+02     5.840E+01     2.212E+02     4.812E+01     4.425E+00
       27    1.379E+04     8.114E-02     2.263E-01     2.734E-01     1.435E-01     1.638E-01     1.305E-01     3.873E-01     4.202E+01     4.120E+02     1.323E+02     5.850E+01     2.178E+02     4.802E+01     4.316E+00
       28    1.380E+04     8.000E-02     2.240E-01     2.743E-01     1.483E-01     1.632E-01     1.284E-01     4.967E-01     4.202E+01     4.120E+02     1.323E+02     5.850E+01     2.178E+02     4.802E+01     4.316E+00
       29    1.380E+04     8.056E-02     2.259E-01     2.771E-01     1.474E-01     1.635E-01     1.299E-01     4.398E-01     4.202E+01     4.120E+02     1.323E+02     5.850E+01     2.178E+02     4.802E+01     4.316E+00
       30    1.380E+04     8.202E-02     2.239E-01     2.753E-01     1.436E-01     1.649E-01     1.299E-01     4.990E-01     4.202E+01     4.120E+02     1.323E+02     5.850E+01     2.178E+02     4.802E+01     4.316E+00
       31    1.380E+04     8.155E-02     2.226E-01     2.741E-01     1.440E-01     1.653E-01     1.302E-01     4.661E-01     4.202E+01     4.120E+02     1.323E+02     5.850E+01     2.178E+02     4.802E+01     4.316E+00
       32    1.380E+04     8.133E-02     2.232E-01     2.755E-01     1.400E-01     1.644E-01     1.310E-01     3.843E-01     4.274E+01     4.122E+02     1.294E+02     5.684E+01     2.173E+02     4.818E+01     4.273E+00
       33    1.382E+04     8.182E-02     2.214E-01     2.816E-01     1.416E-01     1.645E-01     1.300E-01     3.251E-01     4.348E+01     4.009E+02     1.297E+02     5.658E+01     2.199E+02     4.809E+01     4.418E+00
       34    1.382E+04     8.186E-02     2.207E-01     2.716E-01     1.405E-01     1.663E-01     1.321E-01     6.169E-01     4.348E+01     4.009E+02     1.297E+02     5.658E+01     2.199E+02     4.809E+01     4.418E+00
       35    1.383E+04     8.037E-02     2.227E-01     2.744E-01     1.433E-01     1.653E-01     1.316E-01     4.928E-01     4.215E+01     4.123E+02     1.316E+02     5.699E+01     2.174E+02     4.773E+01     4.270E+00
       36    1.384E+04     8.136E-02     2.259E-01     2.757E-01     1.438E-01     1.648E-01     1.296E-01     3.791E-01     4.215E+01     4.123E+02     1.316E+02     5.699E+01     2.174E+02     4.773E+01     4.270E+00
       37    1.384E+04     8.131E-02     2.264E-01     2.778E-01     1.450E-01     1.637E-01     1.287E-01     5.104E-01     4.215E+01     4.123E+02     1.316E+02     5.699E+01     2.174E+02     4.773E+01     4.270E+00
       38    1.384E+04     8.114E-02     2.237E-01     2.723E-01     1.404E-01     1.642E-01     1.293E-01     4.335E-01     4.215E+01     4.123E+02     1.316E+02     5.699E+01     2.174E+02     4.773E+01     4.270E+00
       39    1.384E+04     8.058E-02     2.215E-01     2.887E-01     1.433E-01     1.665E-01     1.310E-01     3.137E-01     4.160E+01     4.072E+02     1.353E+02     5.813E+01     2.201E+02     4.731E+01     4.272E+00
       40    1.384E+04     8.014E-02     2.227E-01     2.791E-01     1.404E-01     1.657E-01     1.322E-01     3.713E-01     4.160E+01     4.072E+02     1.353E+02     5.813E+01     2.201E+02     4.731E+01     4.272E+00
       41    1.384E+04     7.994E-02     2.231E-01     2.796E-01     1.441E-01     1.640E-01     1.275E-01     3.681E-01     4.160E+01     4.072E+02     1.353E+02     5.813E+01     2.201E+02     4.731E+01     4.272E+00
       42    1.386E+04     8.113E-02     2.258E-01     2.863E-01     1.434E-01     1.650E-01     1.299E-01     5.061E-01     4.155E+01     4.098E+02     1.347E+02     5.785E+01     2.189E+02     4.735E+01     4.232E+00
       43    1.385E+04     8.186E-02     2.239E-01     2.819E-01     1.424E-01     1.639E-01     1.282E-01     4.344E-01     4.155E+01     4.098E+02     1.347E+02     5.785E+01     2.189E+02     4.735E+01     4.232E+00
       44    1.386E+04     7.963E-02     2.239E-01     2.754E-01     1.423E-01     1.655E-01     1.294E-01     3.293E-01     4.154E+01     4.172E+02     1.329E+02     5.681E+01     2.164E+02     4.742E+01     4.180E+00
       45    1.386E+04     8.013E-02     2.276E-01     2.735E-01     1.446E-01     1.638E-01     1.281E-01     5.151E-01     4.154E+01     4.172E+02     1.329E+02     5.681E+01     2.164E+02     4.742E+01     4.180E+00
       46    1.386E+04     7.992E-02     2.251E-01     2.768E-01     1.420E-01     1.641E-01     1.323E-01     4.661E-01     4.154E+01     4.172E+02     1.329E+02     5.681E+01     2.164E+02     4.742E+01     4.180E+00
       47    1.386E+04     8.066E-02     2.254E-01     2.771E-01     1.439E-01     1.643E-01     1.299E-01     5.242E-01     4.154E+01     4.172E+02     1.329E+02     5.681E+01     2.164E+02     4.742E+01     4.180E+00
       48    1.386E+04     7.877E-02     2.276E-01     2.760E-01     1.424E-01     1.632E-01     1.288E-01     5.088E-01     4.154E+01     4.172E+02     1.329E+02     5.681E+01     2.164E+02     4.742E+01     4.180E+00
       49    1.386E+04     8.113E-02     2.247E-01     2.820E-01     1.437E-01     1.627E-01     1.291E-01     4.061E-01     4.154E+01     4.172E+02     1.329E+02     5.681E+01     2.164E+02     4.742E+01     4.180E+00
       50    1.386E+04     8.055E-02     2.272E-01     2.761E-01     1.421E-01     1.629E-01     1.303E-01     3.752E-01     4.237E+01     4.162E+02     1.300E+02     5.539E+01     2.161E+02     4.767E+01     4.214E+00
       51    1.386E+04     8.162E-02     2.263E-01     2.800E-01     1.392E-01     1.660E-01     1.275E-01     5.534E-01     4.237E+01     4.162E+02     1.300E+02     5.539E+01     2.161E+02     4.767E+01     4.214E+00
       52    1.386E+04     7.994E-02     2.239E-01     2.764E-01     1.429E-01     1.649E-01     1.283E-01     3.738E-01     4.237E+01     4.162E+02     1.300E+02     5.539E+01     2.161E+02     4.767E+01     4.214E+00
       53    1.386E+04     8.224E-02     2.272E-01     2.698E-01     1.385E-01     1.635E-01     1.322E-01     5.214E-01     4.237E+01     4.162E+02     1.300E+02     5.539E+01     2.161E+02     4.767E+01     4.214E+00
       54    1.386E+04     8.230E-02     2.261E-01     2.739E-01     1.389E-01     1.641E-01     1.298E-01     4.098E-01     4.237E+01     4.162E+02     1.300E+02     5.539E+01     2.161E+02     4.767E+01     4.214E+00
       55    1.387E+04     7.948E-02     2.254E-01     2.770E-01     1.412E-01     1.638E-01     1.302E-01     3.481E-01     4.117E+01     4.190E+02     1.339E+02     5.713E+01     2.157E+02     4.734E+01     4.077E+00
       56    1.388E+04     8.022E-02     2.288E-01     2.806E-01     1.379E-01     1.643E-01     1.293E-01     3.707E-01     4.186E+01     4.209E+02     1.306E+02     5.559E+01     2.143E+02     4.767E+01     4.075E+00
       57    1.388E+04     8.126E-02     2.258E-01     2.780E-01     1.398E-01     1.635E-01     1.323E-01     4.172E-01     4.186E+01     4.209E+02     1.306E+02     5.559E+01     2.143E+02     4.767E+01     4.075E+00
       58    1.388E+04     8.084E-02     2.269E-01     2.779E-01     1.412E-01     1.647E-01     1.287E-01     4.201E-01     4.186E+01     4.209E+02     1.306E+02     5.559E+01     2.143E+02     4.767E+01     4.075E+00
       59    1.388E+04     8.083E-02     2.274E-01     2.832E-01     1.416E-01     1.654E-01     1.300E-01     4.645E-01     4.186E+01     4.209E+02     1.306E+02     5.559E+01     2.143E+02     4.767E+01     4.075E+00
       60    1.388E+04     8.014E-02     2.256E-01     2.747E-01     1.437E-01     1.620E-01     1.311E-01     5.534E-01     4.186E+01     4.209E+02     1.306E+02     5.559E+01     2.143E+02     4.767E+01     4.075E+00
       61    1.388E+04     8.035E-02     2.261E-01     2.828E-01     1.393E-01     1.631E-01     1.291E-01     4.609E-01     4.186E+01     4.209E+02     1.306E+02     5.559E+01     2.143E+02     4.767E+01     4.075E+00
       62    1.388E+04     8.083E-02     2.271E-01     2.713E-01     1.372E-01     1.645E-01     1.300E-01     4.873E-01     4.186E+01     4.209E+02     1.306E+02     5.559E+01     2.143E+02     4.767E+01     4.075E+00
       63    1.388E+04     8.198E-02     2.254E-01     2.704E-01     1.394E-01     1.659E-01     1.273E-01     3.581E-01     4.286E+01     4.140E+02     1.287E+02     5.441E+01     2.160E+02     4.777E+01     4.169E+00
       64    1.388E+04     7.972E-02     2.272E-01     2.772E-01     1.381E-01     1.646E-01     1.292E-01     4.173E-01     4.124E+01     4.225E+02     1.324E+02     5.627E+01     2.143E+02     4.739E+01     3.980E+00
       65    1.389E+04     7.951E-02     2.275E-01     2.756E-01     1.438E-01     1.610E-01     1.290E-01     4.652E-01     4.087E+01     4.271E+02     1.328E+02     5.650E+01     2.132E+02     4.731E+01     3.914E+00
       66    1.389E+04     8.038E-02     2.286E-01     2.659E-01     1.341E-01     1.632E-01     1.279E-01     3.955E-01     4.189E+01     4.323E+02     1.263E+02     5.201E+01     2.141E+02     4.737E+01     3.718E+00
       67    1.390E+04     7.976E-02     2.311E-01     2.600E-01     1.365E-01     1.612E-01     1.281E-01     3.981E-01     4.164E+01     4.355E+02     1.264E+02     5.215E+01     2.133E+02     4.734E+01     3.690E+00
       68    1.390E+04     7.973E-02     2.338E-01     2.691E-01     1.376E-01     1.623E-01     1.311E-01     4.066E-01     4.164E+01     4.355E+02     1.264E+02     5.215E+01     2.133E+02     4.734E+01     3.690E+00
       69    1.390E+04     8.080E-02     2.302E-01     2.749E-01     1.398E-01     1.628E-01     1.322E-01     3.688E-01     4.164E+01     4.355E+02     1.264E+02     5.215E+01     2.133E+02     4.734E+01     3.690E+00
       70    1.390E+04     8.106E-02     2.316E-01     2.696E-01     1.370E-01     1.605E-01     1.274E-01     4.540E-01     4.164E+01     4.355E+02     1.264E+02     5.215E+01     2.133E+02     4.734E+01     3.690E+00
       71    1.390E+04     8.095E-02     2.314E-01     2.758E-01     1.334E-01     1.633E-01     1.294E-01     3.580E-01     4.164E+01     4.355E+02     1.264E+02     5.215E+01     2.133E+02     4.734E+01     3.690E+00
       72    1.398E+04     8.059E-02     2.286E-01     2.724E-01     1.352E-01     1.627E-01     1.272E-01     3.920E-01     4.072E+01     4.373E+02     1.322E+02     5.182E+01     2.130E+02     4.579E+01     3.488E+00
       73    1.402E+04     8.010E-02     2.315E-01     2.857E-01     1.334E-01     1.627E-01     1.277E-01     3.618E-01     4.152E+01     4.285E+02     1.305E+02     4.931E+01     2.165E+02     4.584E+01     3.457E+00
       74    1.402E+04     8.020E-02     2.295E-01     2.766E-01     1.361E-01     1.639E-01     1.286E-01     5.357E-01     4.152E+01     4.285E+02     1.305E+02     4.931E+01     2.165E+02     4.584E+01     3.457E+00
       75    1.402E+04     8.102E-02     2.310E-01     2.748E-01     1.338E-01     1.650E-01     1.257E-01     3.761E-01     4.152E+01     4.285E+02     1.305E+02     4.931E+01     2.165E+02     4.584E+01     3.457E+00
       76    1.402E+04     8.081E-02     2.315E-01     2.791E-01     1.325E-01     1.635E-01     1.265E-01     3.642E-01     4.152E+01     4.285E+02     1.305E+02     4.931E+01     2.165E+02     4.584E+01     3.457E+00
       77    1.402E+04     8.010E-02     2.303E-01     2.707E-01     1.324E-01     1.644E-01     1.269E-01     3.687E-01     4.152E+01     4.285E+02     1.305E+02     4.931E+01     2.165E+02     4.584E+01     3.457E+00
       78    1.403E+04     8.002E-02     2.309E-01     2.712E-01     1.320E-01     1.677E-01     1.287E-01     4.268E-01     4.184E+01     4.274E+02     1.289E+02     4.872E+01     2.164E+02     4.603E+01     3.447E+00
       79    1.402E+04     8.116E-02     2.277E-01     2.772E-01     1.292E-01     1.637E-01     1.264E-01     2.918E-01     4.220E+01     4.288E+02     1.267E+02     4.784E+01     2.158E+02     4.634E+01     3.445E+00
       80    1.404E+04     8.022E-02     2.318E-01     2.727E-01     1.321E-01     1.616E-01     1.292E-01     5.000E-01     4.203E+01     4.305E+02     1.270E+02     4.785E+01     2.151E+02     4.626E+01     3.459E+00
       81    1.404E+04     8.140E-02     2.304E-01     2.713E-01     1.297E-01     1.634E-01     1.278E-01     3.383E-01     4.203E+01     4.305E+02     1.270E+02     4.785E+01     2.151E+02     4.626E+01     3.459E+00
       82    1.405E+04     8.111E-02     2.322E-01     2.732E-01     1.279E-01     1.654E-01     1.275E-01     4.987E-01     4.199E+01     4.329E+02     1.269E+02     4.749E+01     2.143E+02     4.619E+01     3.425E+00
       83    1.405E+04     8.072E-02     2.317E-01     2.702E-01     1.316E-01     1.650E-01     1.279E-01     3.562E-01     4.199E+01     4.329E+02     1.269E+02     4.749E+01     2.143E+02     4.619E+01     3.425E+00
       84    1.405E+04     8.022E-02     2.302E-01     2.630E-01     1.295E-01     1.645E-01     1.262E-01     4.356E-01     4.199E+01     4.329E+02     1.269E+02     4.749E+01     2.143E+02     4.619E+01     3.425E+00
       85    1.405E+04     8.173E-02     2.295E-01     2.782E-01     1.298E-01     1.640E-01     1.274E-01     3.350E-01     4.199E+01     4.329E+02     1.269E+02     4.749E+01     2.143E+02     4.619E+01     3.425E+00
       86    1.405E+04     8.074E-02     2.295E-01     2.739E-01     1.269E-01     1.621E-01     1.269E-01     4.928E-01     4.199E+01     4.329E+02     1.269E+02     4.749E+01     2.143E+02     4.619E+01     3.425E+00
       87    1.404E+04     8.134E-02     2.292E-01     2.781E-01     1.281E-01     1.627E-01     1.283E-01     3.870E-01     4.203E+01     4.334E+02     1.270E+02     4.754E+01     2.139E+02     4.617E+01     3.411E+00
       88    1.405E+04     8.135E-02     2.328E-01     2.804E-01     1.285E-01     1.609E-01     1.268E-01     3.478E-01     4.203E+01     4.334E+02     1.270E+02     4.754E+01     2.139E+02     4.617E+01     3.411E+00
       89    1.404E+04     8.192E-02     2.303E-01     2.679E-01     1.301E-01     1.652E-01     1.278E-01     3.649E-01     4.203E+01     4.334E+02     1.270E+02     4.754E+01     2.139E+02     4.617E+01     3.411E+00
       90    1.408E+04     8.163E-02     2.320E-01     2.729E-01     1.252E-01     1.610E-01     1.255E-01     4.325E-01     4.261E+01     4.406E+02     1.266E+02     4.543E+01     2.100E+02     4.578E+01     3.276E+00
       91    1.409E+04     8.128E-02     2.314E-01     2.771E-01     1.243E-01     1.617E-01     1.262E-01     3.910E-01     4.261E+01     4.406E+02     1.266E+02     4.543E+01     2.100E+02     4.578E+01     3.276E+00
       92    1.409E+04     8.133E-02     2.315E-01     2.708E-01     1.286E-01     1.594E-01     1.285E-01     3.937E-01     4.261E+01     4.406E+02     1.266E+02     4.543E+01     2.100E+02     4.578E+01     3.276E+00
       93    1.409E+04     8.092E-02     2.278E-01     2.736E-01     1.306E-01     1.623E-01     1.266E-01     3.695E-01     4.261E+01     4.406E+02     1.266E+02     4.543E+01     2.100E+02     4.578E+01     3.276E+00
       94    1.410E+04     8.260E-02     2.270E-01     2.705E-01     1.292E-01     1.612E-01     1.284E-01     3.195E-01     4.264E+01     4.385E+02     1.250E+02     4.540E+01     2.104E+02     4.604E+01     3.303E+00
       95    1.411E+04     8.199E-02     2.249E-01     2.619E-01     1.273E-01     1.642E-01     1.278E-01     3.256E-01     4.267E+01     4.371E+02     1.239E+02     4.527E+01     2.105E+02     4.622E+01     3.358E+00
       96    1.411E+04     8.152E-02     2.326E-01     2.690E-01     1.295E-01     1.582E-01     1.268E-01     3.332E-01     4.267E+01     4.371E+02     1.239E+02     4.527E+01     2.105E+02     4.622E+01     3.358E+00
       97    1.411E+04     8.199E-02     2.334E-01     2.707E-01     1.292E-01     1.606E-01     1.303E-01     4.179E-01     4.267E+01     4.371E+02     1.239E+02     4.527E+01     2.105E+02     4.622E+01     3.358E+00
       98    1.412E+04     8.222E-02     2.298E-01     2.754E-01     1.261E-01     1.610E-01     1.310E-01     3.311E-01     4.253E+01     4.351E+02     1.249E+02     4.576E+01     2.109E+02     4.608E+01     3.360E+00
       99    1.413E+04     8.165E-02     2.269E-01     2.606E-01     1.282E-01     1.621E-01     1.285E-01     4.388E-01     4.286E+01     4.308E+02     1.242E+02     4.528E+01     2.119E+02     4.617E+01     3.370E+00
      100    1.413E+04     8.201E-02     2.326E-01     2.651E-01     1.251E-01     1.639E-01     1.279E-01     3.389E-01     4.286E+01     4.308E+02     1.242E+02     4.528E+01     2.119E+02     4.617E+01     3.370E+00
      101    1.413E+04     8.308E-02     2.292E-01     2.707E-01     1.282E-01     1.624E-01     1.279E-01     3.074E-01     4.286E+01     4.308E+02     1.242E+02     4.528E+01     2.119E+02     4.617E+01     3.370E+00
      102    1.413E+04     8.080E-02     2.285E-01     2.607E-01     1.246E-01     1.624E-01     1.291E-01     3.615E-01     4.286E+01     4.308E+02     1.242E+02     4.528E+01     2.119E+02     4.617E+01     3.370E+00
      103    1.413E+04     8.227E-02     2.288E-01     2.694E-01     1.253E-01     1.634E-01     1.255E-01     4.445E-01     4.286E+01     4.308E+02     1.242E+02     4.528E+01     2.119E+02     4.617E+01     3.370E+00
      104    1.413E+04     8.129E-02     2.297E-01     2.702E-01     1.263E-01     1.628E-01     1.263E-01     3.280E-01     4.274E+01     4.328E+02     1.243E+02     4.544E+01     2.111E+02     4.617E+01     3.364E+00
      105    1.413E+04     8.180E-02     2.304E-01     2.667E-01     1.299E-01     1.622E-01     1.312E-01     4.216E-01     4.274E+01     4.328E+02     1.243E+02     4.544E+01     2.111E+02     4.617E+01     3.364E+00
      106    1.413E+04     8.167E-02     2.324E-01     2.690E-01     1.247E-01     1.616E-01     1.274E-01     3.904E-01     4.274E+01     4.328E+02     1.243E+02     4.544E+01     2.111E+02     4.617E+01     3.364E+00
      107    1.413E+04     8.305E-02     2.299E-01     2.757E-01     1.305E-01     1.612E-01     1.280E-01     4.108E-01     4.274E+01     4.328E+02     1.243E+02     4.544E+01     2.111E+02     4.617E+01     3.364E+00
      108    1.414E+04     8.224E-02     2.298E-01     2.718E-01     1.296E-01     1.619E-01     1.252E-01     3.725E-01     4.257E+01     4.297E+02     1.254E+02     4.587E+01     2.117E+02     4.602E+01     3.393E+00
      109    1.415E+04     8.279E-02     2.315E-01     2.800E-01     1.273E-01     1.616E-01     1.268E-01     3.239E-01     4.282E+01     4.270E+02     1.267E+02     4.560E+01     2.124E+02     4.576E+01     3.341E+00
      110    1.414E+04     8.350E-02     2.290E-01     2.652E-01     1.302E-01     1.630E-01     1.280E-01     3.772E-01     4.282E+01     4.270E+02     1.267E+02     4.560E+01     2.124E+02     4.576E+01     3.341E+00
      111    1.414E+04     8.122E-02     2.289E-01     2.755E-01     1.285E-01     1.655E-01     1.278E-01     4.096E-01     4.287E+01     4.245E+02     1.269E+02     4.579E+01     2.131E+02     4.579E+01     3.360E+00
      112    1.414E+04     8.270E-02     2.273E-01     2.683E-01     1.249E-01     1.624E-01     1.279E-01     4.431E-01     4.280E+01     4.269E+02     1.262E+02     4.573E+01     2.123E+02     4.589E+01     3.353E+00
      113    1.414E+04     8.173E-02     2.277E-01     2.759E-01     1.245E-01     1.642E-01     1.235E-01     4.043E-01     4.280E+01     4.269E+02     1.262E+02     4.573E+01     2.123E+02     4.589E+01     3.353E+00
      114    1.414E+04     8.235E-02     2.313E-01     2.688E-01     1.273E-01     1.601E-01     1.277E-01     3.097E-01     4.280E+01     4.269E+02     1.262E+02     4.573E+01     2.123E+02     4.589E+01     3.353E+00
      115    1.415E+04     8.148E-02     2.275E-01     2.670E-01     1.260E-01     1.627E-01     1.257E-01     4.184E-01     4.289E+01     4.259E+02     1.257E+02     4.558E+01     2.126E+02     4.596E+01     3.378E+00
      116    1.415E+04     8.163E-02     2.264E-01     2.670E-01     1.243E-01     1.613E-01     1.260E-01     3.495E-01     4.289E+01     4.259E+02     1.257E+02     4.558E+01     2.126E+02     4.596E+01     3.378E+00
      117    1.415E+04     8.271E-02     2.282E-01     2.840E-01     1.270E-01     1.636E-01     1.263E-01     4.135E-01     4.272E+01     4.299E+02     1.253E+02     4.554E+01     2.113E+02     4.595E+01     3.373E+00
      118    1.415E+04     8.063E-02     2.277E-01     2.770E-01     1.288E-01     1.637E-01     1.274E-01     4.700E-01     4.272E+01     4.299E+02     1.253E+02     4.554E+01     2.113E+02     4.595E+01     3.373E+00
      119    1.415E+04     8.183E-02     2.294E-01     2.706E-01     1.277E-01     1.614E-01     1.253E-01     3.838E-01     4.272E+01     4.299E+02     1.253E+02     4.554E+01     2.113E+02     4.595E+01     3.373E+00
      120    1.416E+04     8.128E-02     2.263E-01     2.709E-01     1.266E-01     1.626E-01     1.274E-01     3.930E-01     4.272E+01     4.288E+02     1.257E+02     4.561E+01     2.113E+02     4.587E+01     3.379E+00
      121    1.416E+04     8.132E-02     2.255E-01     2.716E-01     1.298E-01     1.632E-01     1.269E-01     3.228E-01     4.272E+01     4.288E+02     1.257E+02     4.561E+01     2.113E+02     4.587E+01     3.379E+00
      122    1.416E+04     8.144E-02     2.269E-01     2.754E-01     1.257E-01     1.620E-01     1.254E-01     3.582E-01     4.272E+01     4.288E+02     1.257E+02     4.561E+01     2.113E+02     4.587E+01     3.379E+00
      123    1.416E+04     8.158E-02     2.286E-01     2.688E-01     1.261E-01     1.601E-01     1.288E-01     3.167E-01     4.272E+01     4.288E+02     1.257E+02     4.561E+01     2.113E+02     4.587E+01     3.379E+00
      124    1.416E+04     8.119E-02     2.259E-01     2.665E-01     1.275E-01     1.616E-01     1.291E-01     3.774E-01     4.272E+01     4.288E+02     1.257E+02     4.561E+01     2.113E+02     4.587E+01     3.379E+00
      125    1.416E+04     8.014E-02     2.302E-01     2.738E-01     1.248E-01     1.613E-01     1.279E-01     4.500E-01     4.272E+01     4.288E+02     1.257E+02     4.561E+01     2.113E+02     4.587E+01     3.379E+00
      126    1.416E+04     8.074E-02     2.305E-01     2.722E-01     1.285E-01     1.596E-01     1.266E-01     3.820E-01     4.272E+01     4.288E+02     1.257E+02     4.561E+01     2.113E+02     4.587E+01     3.379E+00
      127    1.416E+04     8.119E-02     2.282E-01     2.692E-01     1.287E-01     1.608E-01     1.262E-01     3.747E-01     4.272E+01     4.288E+02     1.257E+02     4.561E+01     2.113E+02     4.587E+01     3.379E+00
      128    1.417E+04     8.062E-02     2.259E-01     2.810E-01     1.287E-01     1.639E-01     1.267E-01     3.577E-01     4.287E+01     4.221E+02     1.274E+02     4.564E+01     2.135E+02     4.561E+01     3.405E+00
      129    1.417E+04     8.016E-02     2.313E-01     2.734E-01     1.263E-01     1.615E-01     1.318E-01     3.688E-01     4.266E+01     4.242E+02     1.270E+02     4.610E+01     2.125E+02     4.571E+01     3.409E+00
      130    1.416E+04     8.156E-02     2.293E-01     2.727E-01     1.303E-01     1.619E-01     1.290E-01     3.336E-01     4.266E+01     4.242E+02     1.270E+02     4.610E+01     2.125E+02     4.571E+01     3.409E+00
      131    1.417E+04     8.037E-02     2.282E-01     2.734E-01     1.260E-01     1.614E-01     1.262E-01     4.051E-01     4.255E+01     4.248E+02     1.261E+02     4.624E+01     2.123E+02     4.592E+01     3.437E+00
      132    1.417E+04     8.221E-02     2.298E-01     2.703E-01     1.275E-01     1.625E-01     1.284E-01     4.166E-01     4.286E+01     4.194E+02     1.270E+02     4.597E+01     2.140E+02     4.577E+01     3.433E+00
      133    1.417E+04     8.106E-02     2.296E-01     2.716E-01     1.289E-01     1.639E-01     1.254E-01     3.132E-01     4.290E+01     4.246E+02     1.247E+02     4.564E+01     2.121E+02     4.611E+01     3.415E+00
      134    1.417E+04     8.248E-02     2.260E-01     2.656E-01     1.242E-01     1.630E-01     1.280E-01     3.161E-01     4.290E+01     4.246E+02     1.247E+02     4.564E+01     2.121E+02     4.611E+01     3.415E+00
      135    1.417E+04     8.031E-02     2.268E-01     2.738E-01     1.297E-01     1.617E-01     1.303E-01     3.503E-01     4.299E+01     4.213E+02     1.247E+02     4.590E+01     2.126E+02     4.618E+01     3.433E+00
      136    1.417E+04     8.067E-02     2.258E-01     2.707E-01     1.265E-01     1.633E-01     1.269E-01     3.750E-01     4.299E+01     4.213E+02     1.247E+02     4.590E+01     2.126E+02     4.618E+01     3.433E+00
      137    1.419E+04     8.108E-02     2.288E-01     2.697E-01     1.251E-01     1.610E-01     1.275E-01     2.926E-01     4.317E+01     4.274E+02     1.271E+02     4.238E+01     2.145E+02     4.529E+01     3.483E+00
      138    1.419E+04     8.175E-02     2.309E-01     2.682E-01     1.246E-01     1.620E-01     1.259E-01     3.092E-01     4.317E+01     4.274E+02     1.271E+02     4.238E+01     2.145E+02     4.529E+01     3.483E+00
      139    1.420E+04     8.140E-02     2.281E-01     2.733E-01     1.235E-01     1.625E-01     1.251E-01     3.601E-01     4.297E+01     4.288E+02     1.274E+02     4.258E+01     2.138E+02     4.519E+01     3.484E+00
      140    1.420E+04     8.261E-02     2.278E-01     2.726E-01     1.214E-01     1.598E-01     1.292E-01     3.674E-01     4.295E+01     4.286E+02     1.275E+02     4.265E+01     2.139E+02     4.518E+01     3.485E+00
      141    1.420E+04     8.191E-02     2.299E-01     2.725E-01     1.252E-01     1.622E-01     1.296E-01     3.939E-01     4.295E+01     4.286E+02     1.275E+02     4.265E+01     2.139E+02     4.518E+01     3.485E+00
      142    1.420E+04     8.195E-02     2.313E-01     2.742E-01     1.261E-01     1.622E-01     1.282E-01     3.798E-01     4.295E+01     4.286E+02     1.275E+02     4.265E+01     2.139E+02     4.518E+01     3.485E+00
      143    1.420E+04     8.180E-02     2.299E-01     2.742E-01     1.244E-01     1.621E-01     1.287E-01     3.248E-01     4.295E+01     4.286E+02     1.275E+02     4.265E+01     2.139E+02     4.518E+01     3.485E+00
      144    1.420E+04     8.049E-02     2.285E-01     2.734E-01     1.233E-01     1.608E-01     1.240E-01     3.579E-01     4.295E+01     4.286E+02     1.275E+02     4.265E+01     2.139E+02     4.518E+01     3.485E+00
      145    1.420E+04     8.139E-02     2.326E-01     2.771E-01     1.240E-01     1.610E-01     1.268E-01     4.603E-01     4.295E+01     4.286E+02     1.275E+02     4.265E+01     2.139E+02     4.518E+01     3.485E+00
      146    1.420E+04     8.124E-02     2.276E-01     2.759E-01     1.238E-01     1.623E-01     1.260E-01     3.712E-01     4.295E+01     4.286E+02     1.275E+02     4.265E+01     2.139E+02     4.518E+01     3.485E+00
      147    1.421E+04     8.182E-02     2.299E-01     2.724E-01     1.248E-01     1.628E-01     1.257E-01     3.429E-01     4.259E+01     4.283E+02     1.299E+02     4.305E+01     2.141E+02     4.482E+01     3.491E+00
      148    1.421E+04     8.097E-02     2.272E-01     2.704E-01     1.211E-01     1.644E-01     1.255E-01     3.527E-01     4.259E+01     4.283E+02     1.299E+02     4.305E+01     2.141E+02     4.482E+01     3.491E+00
      149    1.421E+04     8.154E-02     2.305E-01     2.616E-01     1.221E-01     1.625E-01     1.250E-01     4.495E-01     4.256E+01     4.257E+02     1.305E+02     4.315E+01     2.151E+02     4.478E+01     3.517E+00
      150    1.421E+04     8.059E-02     2.272E-01     2.738E-01     1.222E-01     1.616E-01     1.230E-01     3.803E-01     4.256E+01     4.257E+02     1.305E+02     4.315E+01     2.151E+02     4.478E+01     3.517E+00
      151    1.421E+04     8.158E-02     2.285E-01     2.910E-01     1.246E-01     1.649E-01     1.272E-01     3.086E-01     4.262E+01     4.254E+02     1.311E+02     4.296E+01     2.152E+02     4.468E+01     3.524E+00
      152    1.421E+04     8.143E-02     2.279E-01     2.735E-01     1.251E-01     1.617E-01     1.228E-01     3.726E-01     4.262E+01     4.254E+02     1.311E+02     4.296E+01     2.152E+02     4.468E+01     3.524E+00
      153    1.421E+04     8.295E-02     2.293E-01     2.744E-01     1.248E-01     1.659E-01     1.240E-01     5.048E-01     4.262E+01     4.254E+02     1.311E+02     4.296E+01     2.152E+02     4.468E+01     3.524E+00
      154    1.421E+04     8.113E-02     2.269E-01     2.764E-01     1.244E-01     1.624E-01     1.261E-01     3.639E-01     4.262E+01     4.254E+02     1.311E+02     4.296E+01     2.152E+02     4.468E+01     3.524E+00
      155    1.421E+04     8.057E-02     2.282E-01     2.868E-01     1.265E-01     1.637E-01     1.254E-01     4.403E-01     4.262E+01     4.254E+02     1.311E+02     4.296E+01     2.152E+02     4.468E+01     3.524E+00
      156    1.421E+04     8.111E-02     2.294E-01     2.717E-01     1.231E-01     1.630E-01     1.238E-01     3.622E-01     4.262E+01     4.254E+02     1.311E+02     4.296E+01     2.152E+02     4.468E+01     3.524E+00
      157    1.422E+04     8.165E-02     2.305E-01     2.707E-01     1.266E-01     1.653E-01     1.230E-01     3.043E-01     4.250E+01     4.253E+02     1.310E+02     4.318E+01     2.152E+02     4.473E+01     3.541E+00
      158    1.421E+04     8.112E-02     2.282E-01     2.753E-01     1.259E-01     1.637E-01     1.214E-01     3.285E-01     4.250E+01     4.253E+02     1.310E+02     4.318E+01     2.152E+02     4.473E+01     3.541E+00
      159    1.421E+04     8.143E-02     2.292E-01     2.766E-01     1.243E-01     1.628E-01     1.226E-01     3.418E-01     4.250E+01     4.253E+02     1.310E+02     4.318E+01     2.152E+02     4.473E+01     3.541E+00
      160    1.422E+04     8.315E-02     2.256E-01     2.725E-01     1.261E-01     1.646E-01     1.264E-01     4.144E-01     4.250E+01     4.253E+02     1.310E+02     4.318E+01     2.152E+02     4.473E+01     3.541E+00
      161    1.424E+04     8.012E-02     2.281E-01     2.806E-01     1.255E-01     1.630E-01     1.241E-01     4.423E-01     4.226E+01     4.183E+02     1.322E+02     4.489E+01     2.144E+02     4.504E+01     3.830E+00
      162    1.424E+04     8.270E-02     2.259E-01     2.821E-01     1.250E-01     1.628E-01     1.246E-01     3.737E-01     4.226E+01     4.183E+02     1.322E+02     4.489E+01     2.144E+02     4.504E+01     3.830E+00
      163    1.428E+04     8.324E-02     2.209E-01     2.791E-01     1.247E-01     1.619E-01     1.228E-01     4.237E-01     4.378E+01     4.047E+02     1.312E+02     4.333E+01     2.164E+02     4.515E+01     3.905E+00
      164    1.428E+04     8.244E-02     2.202E-01     2.895E-01     1.263E-01     1.667E-01     1.274E-01     5.471E-01     4.378E+01     4.047E+02     1.312E+02     4.333E+01     2.164E+02     4.515E+01     3.905E+00
      165    1.429E+04     8.272E-02     2.220E-01     2.754E-01     1.255E-01     1.636E-01     1.245E-01     4.250E-01     4.356E+01     4.041E+02     1.323E+02     4.329E+01     2.170E+02     4.496E+01     3.906E+00
      166    1.429E+04     8.380E-02     2.213E-01     2.807E-01     1.234E-01     1.645E-01     1.280E-01     4.792E-01     4.356E+01     4.041E+02     1.323E+02     4.329E+01     2.170E+02     4.496E+01     3.906E+00
      167    1.429E+04     8.080E-02     2.213E-01     2.778E-01     1.272E-01     1.641E-01     1.242E-01     4.298E-01     4.368E+01     4.034E+02     1.321E+02     4.331E+01     2.167E+02     4.506E+01     3.933E+00
      168    1.429E+04     8.254E-02     2.235E-01     2.741E-01     1.246E-01     1.646E-01     1.254E-01     3.789E-01     4.409E+01     4.008E+02     1.314E+02     4.292E+01     2.174E+02     4.508E+01     3.933E+00
      169    1.429E+04     8.240E-02     2.219E-01     2.752E-01     1.242E-01     1.641E-01     1.300E-01     4.164E-01     4.409E+01     4.008E+02     1.314E+02     4.292E+01     2.174E+02     4.508E+01     3.933E+00
      170    1.429E+04     8.303E-02     2.228E-01     2.754E-01     1.268E-01     1.654E-01     1.258E-01     4.706E-01     4.409E+01     4.008E+02     1.314E+02     4.292E+01     2.174E+02     4.508E+01     3.933E+00
      171    1.429E+04     8.195E-02     2.206E-01     2.768E-01     1.243E-01     1.637E-01     1.250E-01     4.705E-01     4.409E+01     4.008E+02     1.314E+02     4.292E+01     2.174E+02     4.508E+01     3.933E+00
      172    1.430E+04     8.193E-02     2.239E-01     2.710E-01     1.258E-01     1.623E-01     1.253E-01     4.453E-01     4.406E+01     4.012E+02     1.314E+02     4.287E+01     2.173E+02     4.505E+01     3.927E+00
      173    1.430E+04     8.199E-02     2.191E-01     2.933E-01     1.240E-01     1.652E-01     1.277E-01     4.235E-01     4.396E+01     3.981E+02     1.330E+02     4.293E+01     2.187E+02     4.492E+01     3.968E+00
      174    1.430E+04     8.138E-02     2.226E-01     2.898E-01     1.247E-01     1.641E-01     1.259E-01     5.447E-01     4.386E+01     3.981E+02     1.339E+02     4.270E+01     2.196E+02     4.467E+01     3.952E+00
      175    1.436E+04     8.411E-02     2.185E-01     2.810E-01     1.219E-01     1.677E-01     1.268E-01     3.509E-01     4.514E+01     3.941E+02     1.324E+02     3.982E+01     2.198E+02     4.406E+01     3.599E+00
      176    1.437E+04     8.300E-02     2.225E-01     2.697E-01     1.175E-01     1.653E-01     1.220E-01     3.636E-01     4.506E+01     3.952E+02     1.325E+02     3.979E+01     2.195E+02     4.403E+01     3.591E+00
      177    1.437E+04     8.356E-02     2.202E-01     2.814E-01     1.199E-01     1.647E-01     1.261E-01     3.437E-01     4.506E+01     3.952E+02     1.325E+02     3.979E+01     2.195E+02     4.403E+01     3.591E+00
      178    1.438E+04     8.291E-02     2.198E-01     2.774E-01     1.199E-01     1.659E-01     1.237E-01     3.936E-01     4.506E+01     3.952E+02     1.325E+02     3.979E+01     2.195E+02     4.403E+01     3.591E+00
      179    1.438E+04     8.456E-02     2.191E-01     2.728E-01     1.215E-01     1.641E-01     1.287E-01     4.364E-01     4.506E+01     3.952E+02     1.325E+02     3.979E+01     2.195E+02     4.403E+01     3.591E+00
      180    1.437E+04     8.407E-02     2.200E-01     2.757E-01     1.201E-01     1.648E-01     1.240E-01     4.181E-01     4.503E+01     3.945E+02     1.339E+02     3.972E+01     2.198E+02     4.386E+01     3.585E+00
      181    1.438E+04     8.375E-02     2.203E-01     2.829E-01     1.208E-01     1.642E-01     1.267E-01     3.633E-01     4.503E+01     3.945E+02     1.339E+02     3.972E+01     2.198E+02     4.386E+01     3.585E+00
      182    1.438E+04     8.322E-02     2.183E-01     2.761E-01     1.214E-01     1.660E-01     1.246E-01     4.975E-01     4.503E+01     3.945E+02     1.339E+02     3.972E+01     2.198E+02     4.386E+01     3.585E+00
      183    1.438E+04     8.403E-02     2.248E-01     2.775E-01     1.192E-01     1.661E-01     1.258E-01     4.562E-01     4.483E+01     3.952E+02     1.326E+02     4.015E+01     2.190E+02     4.407E+01     3.601E+00
      184    1.438E+04     8.331E-02     2.196E-01     2.760E-01     1.199E-01     1.640E-01     1.244E-01     4.792E-01     4.483E+01     3.952E+02     1.326E+02     4.015E+01     2.190E+02     4.407E+01     3.601E+00
      185    1.439E+04     8.263E-02     2.204E-01     2.758E-01     1.223E-01     1.635E-01     1.265E-01     3.734E-01     4.449E+01     3.962E+02     1.338E+02     4.039E+01     2.190E+02     4.394E+01     3.614E+00
      186    1.440E+04     8.315E-02     2.167E-01     2.766E-01     1.190E-01     1.654E-01     1.262E-01     3.508E-01     4.466E+01     3.950E+02     1.337E+02     4.017E+01     2.191E+02     4.391E+01     3.621E+00
      187    1.440E+04     8.321E-02     2.193E-01     2.754E-01     1.197E-01     1.652E-01     1.249E-01     3.881E-01     4.526E+01     3.917E+02     1.324E+02     3.971E+01     2.196E+02     4.405E+01     3.636E+00
      188    1.440E+04     8.366E-02     2.203E-01     2.769E-01     1.231E-01     1.651E-01     1.230E-01     3.877E-01     4.526E+01     3.917E+02     1.324E+02     3.971E+01     2.196E+02     4.405E+01     3.636E+00
      189    1.440E+04     8.331E-02     2.206E-01     2.850E-01     1.174E-01     1.655E-01     1.232E-01     3.330E-01     4.526E+01     3.917E+02     1.324E+02     3.971E+01     2.196E+02     4.405E+01     3.636E+00
      190    1.440E+04     8.555E-02     2.201E-01     2.753E-01     1.193E-01     1.671E-01     1.263E-01     3.779E-01     4.526E+01     3.917E+02     1.324E+02     3.971E+01     2.196E+02     4.405E+01     3.636E+00
      191    1.439E+04     8.433E-02     2.196E-01     2.758E-01     1.187E-01     1.640E-01     1.249E-01     3.646E-01     4.514E+01     3.948E+02     1.319E+02     3.966E+01     2.186E+02     4.402E+01     3.608E+00
      192    1.440E+04     8.505E-02     2.210E-01     2.788E-01     1.211E-01     1.637E-01     1.249E-01     3.763E-01     4.514E+01     3.948E+02     1.319E+02     3.966E+01     2.186E+02     4.402E+01     3.608E+00
      193    1.440E+04     8.324E-02     2.199E-01     2.805E-01     1.185E-01     1.642E-01     1.229E-01     3.995E-01     4.511E+01     3.961E+02     1.316E+02     3.967E+01     2.180E+02     4.405E+01     3.585E+00
      194    1.440E+04     8.467E-02     2.207E-01     2.759E-01     1.180E-01     1.639E-01     1.239E-01     3.105E-01     4.511E+01     3.961E+02     1.316E+02     3.967E+01     2.180E+02     4.405E+01     3.585E+00
      195    1.440E+04     8.305E-02     2.216E-01     2.736E-01     1.189E-01     1.643E-01     1.251E-01     3.500E-01     4.498E+01     3.976E+02     1.319E+02     3.967E+01     2.177E+02     4.399E+01     3.569E+00
      196    1.442E+04     8.220E-02     2.209E-01     2.872E-01     1.202E-01     1.652E-01     1.252E-01     4.182E-01     4.297E+01     4.004E+02     1.394E+02     4.065E+01     2.194E+02     4.323E+01     3.722E+00
      197    1.443E+04     8.162E-02     2.195E-01     2.849E-01     1.222E-01     1.671E-01     1.285E-01     4.295E-01     4.289E+01     3.999E+02     1.404E+02     4.070E+01     2.196E+02     4.316E+01     3.740E+00
      198    1.442E+04     8.221E-02     2.196E-01     2.779E-01     1.210E-01     1.674E-01     1.234E-01     4.800E-01     4.289E+01     3.999E+02     1.404E+02     4.070E+01     2.196E+02     4.316E+01     3.740E+00
      199    1.443E+04     8.213E-02     2.181E-01     2.950E-01     1.238E-01     1.657E-01     1.241E-01     4.964E-01     4.289E+01     3.999E+02     1.404E+02     4.070E+01     2.196E+02     4.316E+01     3.740E+00
      200    1.443E+04     8.283E-02     2.229E-01     2.811E-01     1.182E-01     1.642E-01     1.203E-01     4.039E-01     4.300E+01     3.990E+02     1.402E+02     4.051E+01     2.199E+02     4.313E+01     3.742E+00
      201    1.443E+04     8.205E-02     2.186E-01     2.836E-01     1.178E-01     1.639E-01     1.242E-01     3.282E-01     4.305E+01     3.987E+02     1.408E+02     4.036E+01     2.201E+02     4.300E+01     3.743E+00
