"DOY" "Depth" "PRO"
354 101.8 0.633
354 122 0.289
354 144.9 0.077
354 7.7 1.704
354 26.1 1.61
354 52.4 1.1
354 77.6 1.026
34 6.7 1.748
34 26.5 1.603
34 46.6 2.129
34 79.6 1.466
34 104.2 1.292
34 113.5 0.925
34 119.5 0.664
34 130.5 0.557
34 162.4 0.149
67 4.5 1.993
67 31.1 2.112
67 49.6 2.184
67 72.9 0.916
67 101.7 0.595
67 124.6 0.372
67 139.5 0.189
67 147.6 0.031
67 156 0.076
67 179.9 0.072
101 8.2 1.791
101 27.7 1.877
101 46.9 1.849
101 76.9 2.244
101 92.1 1.926
101 102.2 1.597
101 107.2 1.06
101 117 0.73
101 131.4 0.28
101 140.5 0.191
101 155.7 0.059
101 181 0.017
129 25.4 1.62
129 47.7 1.58
129 80.5 1.846
156 6.1 2.175
156 27.4 2.035
156 50.5 2.08
156 79.8 2.019
156 105.8 1.282
156 132.1 0.572
156 141 0.285
156 157.1 0.098
156 184.4 0.037
191 8.8 1.077
191 28.1 0.53
191 50 1.77
191 77.5 2.018
191 98 0.227
191 110 1.883
191 120.2 0.167
191 130.9 0.074
191 139 0.024
191 154.7 0.005
223 5.8 1.521
223 24.9 1.605
223 49.4 1.986
223 77.2 2.417
223 101.8 2.093
223 111.8 2.059
223 117 1.662
223 121.5 0.953
223 131.2 0.2
223 155.1 0.174
223 184.1 0.028
262 13.5 1.945
262 33.1 2.312
262 52.2 2.45
262 81.6 1.886
262 107.3 0.497
262 132.5 0.218
262 157.6 0.081
262 186.2 0.024
295 7.2 1.486
295 27.2 1.568
295 46.8 1.796
295 60.1 1.882
295 75.4 1.585
295 87.8 0.785
295 101 0.475
295 111.8 0.308
295 125.4 0.001
295 152.3 0.106
295 158.9 0.063
162 9 1.063
162 28.8 1.504
162 48.4 1.651
162 79 1.256
162 104.4 0.796
162 119.3 0.703
162 123.7 0.65
162 129 0.622
162 134 0.48
162 139 0.45
162 156.5 0.216
162 180.3 0.065
188 9.6 1.24
188 29.3 0.81
188 47.5 1.161
188 78.4 1.41
188 98.8 0.984
188 109 0.52
188 114.1 0.424
188 119 0.363
188 124.8 0.335
188 134.9 0.198
188 154.6 0.075
188 179 0.021
218 9.8 1.106
218 29.9 1.363
218 49 1.345
218 64.5 1.15
218 79.7 1.093
218 88.8 0.971
218 104.4 0.741
218 119.7 0.492
218 128.6 0.315
218 141 0.225
218 158.6 0.141
218 177.3 0.087
21 5.2 1.943
21 24.7 1.962
21 43.4 2.005
21 74.6 1.896
21 90 1.402
21 113.4 0.455
21 124.5 0.189
21 150.9 0.059
21 176.5 0.004
49 75.5 1.139
49 85.2 0.897
49 95.2 0.812
49 105.2 0.722
49 125.2 0.153
49 150.9 0.059
49 176.6 0.005
105 5.8 1.284
105 23.7 1.517
105 43.8 1.638
105 74.2 1.745
105 89.6 1.658
105 100.2 1.651
105 103.7 1.61
105 109.2 1.047
105 119.5 1.128
105 135.1 0.478
105 149.8 0.256
105 173.1 0.073
140 24.5 1.752
140 45.1 1.707
140 75.7 2.483
140 100.7 1.801
140 109.4 1.46
140 119.2 1.141
140 128.8 0.657
140 135.1 0.555
140 144.1 0.464
140 160.8 0.261
140 174.7 0.042
258 5.2 0.759
258 25.1 0.797
258 46.2 0.734
258 76 0.746
258 100.7 0.515
258 115.9 0.253
258 120.7 0.213
258 125.9 0.156
258 130.1 0.167
258 139.9 0.125
258 149.8 0.079
258 175.6 0.014
303 5.7 2.071
303 25.8 1.748
303 47.4 1.52
303 74.4 1.88
303 90 1.06
303 100.4 0.614
303 115.6 0.325
303 119.7 0.264
303 125.6 0.229
303 137.1 0.124
303 151.7 0.03
303 175.1 0.002
21 7.1 1.265
21 27 1.341
21 46.3 1.413
21 75 1.336
21 89.6 1.365
21 100.1 1.116
21 116 0.499
21 126.1 0.371
21 135.3 0.302
21 148.8 0.155
21 173.7 0.009
49 6.3 2.387
49 25.8 2.363
49 44.2 2.06
49 60.5 1.813
49 77.5 1.349
49 86.1 1.434
49 102.1 1.624
49 126.4 1.165
49 135.6 1.037
49 149.8 1.294
49 174 0.218
49 191.9 0.16
69 4.5 1.681
69 24.4 1.98
69 44.5 2.056
69 74.7 2.251
69 99.4 2.403
69 124.6 1.553
69 141 0.734
69 145.1 0.711
69 150 0.417
69 154.6 0.488
69 160.5 0.361
69 176.1 0.139
169 5.1 1.611
169 24 1.708
169 44.4 1.901
169 74.9 1.81
169 98.7 1.824
169 98.7 1.815
169 126 1.095
169 140.4 0.634
169 150 0.566
169 160.3 0.409
169 175.1 0.204
207 5.2 1.977
207 24.9 2.132
207 43.6 2.416
207 74.6 1.766
207 100.6 0.716
207 109.9 0.394
207 123.8 0.289
207 150.5 0.115
207 173.7 0.01
243 5.1 2.002
243 9.9 2.079
243 25.4 1.968
243 34.5 2.02
243 45 2.256
243 59.8 3.724
243 74.4 2.376
243 100.2 0.763
243 149.6 0.089
243 165.6 0.062
243 174.8 0.058
267 5.7 1.949
267 25.5 2.021
267 45.7 2.085
267 75.6 2.1
267 85.3 2.018
267 95.3 1.935
267 100.5 1.743
267 111.7 0.971
267 126.1 0.487
267 150.9 0.154
267 174.6 0.018
289 5 1.823
289 24.5 1.9
289 45.6 2.15
289 75.5 2.299
289 101.2 1.477
289 125.8 0.499
289 151.7 0.116
289 177.8 0.01
324 5.6 1.844
324 26.1 1.736
324 45.9 1.778
324 76.1 1.637
324 90.1 1.247
324 99.4 0.885
324 109.9 0.341
324 128.6 0.151
324 149.4 0.019
38 5.6 1.541
38 24.5 1.627
38 44.8 1.638
38 75.7 2.224
38 101.2 2.037
38 114.2 1.506
38 123.9 0.783
38 134.3 0.52
38 140.8 0.432
38 150.9 0.239
38 174.6 0.075
64 4.8 2.232
64 25.4 2.172
64 44.8 2.284
64 74.5 0.962
64 100.8 0.492
64 124.3 0.126
64 150.6 0.016
64 174 0.006
97 4.7 1.58
97 24.5 1.515
97 44.4 1.83
97 74.2 2.309
97 100.6 2.01
97 125.8 0.649
97 134.3 0.401
97 137.5 0.338
97 145.4 0.323
97 149.5 0.291
97 174.6 0.121
128 4.9 2.268
128 24.5 2.288
128 45.2 2.832
128 75 2.634
128 99.4 2.842
128 110 2.575
128 115.2 2.266
128 120.1 2.282
128 125 1.292
128 150.6 0.21
128 175.7 0.055
212 4.3 2.077
212 25 2.252
212 39.9 2.738
212 59.6 1.982
212 79.1 1.142
212 89.9 0.586
212 99.4 0.075
212 150.1 0.212
241 5 2.071
241 25 2.216
241 45 2.147
241 100 1.079
241 125 0.341
241 150 0.025
271 4.9 2.238
271 16 2.317
271 24.8 2.298
271 34.9 2.599
271 44.2 2.646
271 54.7 2.947
271 64.5 2.856
271 74.6 1.853
271 94.1 1.645
271 99.3 1.603
271 110.7 0.553
271 124.9 0.259
271 149.7 0.039
271 174.3 0.014
300 5 2.641
300 25 2.532
300 45 2.695
300 75 2.74
300 100 0.622
300 125 0.283
300 150 0.115
300 175 0.046
321 5 2.823
321 25 2.818
321 45 2.766
321 75 1.965
321 100 0.831
321 125 0.168
321 150 0.027
17 5 2.457
17 25 2.475
17 45 2.419
17 75 2.868
17 100 1.939
17 125 0.193
17 150 0.067
87 5 3.399
87 25 3.36
87 45 3.587
87 75 3.293
87 100 2.655
87 125 0.948
87 175 0.09
115 5 2.513
115 25 2.453
115 45 2.473
115 75 3.193
115 100 3.608
115 125 1.358
143 5 1.989
143 25 1.996
143 45 2.248
143 75 2.984
143 100 1.81
143 125 0.389
143 150 0.18
178 5 1.905
178 25 2.007
178 45 2.358
178 75 2.492
178 100 3.067
178 125 1.485
178 150 0.562
209 5 1.735
209 25 1.713
209 45 1.752
209 75 2.6
209 100 1.704
209 125 0.659
209 150 0.195
234 5 2.62
234 25 2.669
234 45 3.694
234 75 3
234 100 2.246
234 125 0.704
234 150 0.109
234 175 0.098
276 5 2.511
276 25 2.686
276 45 2.818
276 75 1.703
276 125 0.166
276 150 0.066
304 5 2.014
304 25 2.131
304 45 2.02
304 75 1.961
304 100 0.625
304 125 0.231
304 150 0.202
304 175 0.05
346 5 2.347
346 25 2.425
346 45 2.389
346 75 2.244
346 100 1.349
346 125 0.341
346 150 0.28
8 5 2.557
8 25 2.567
8 45 2.417
8 75 1.741
8 100 0.665
8 125 0.385
8 150 0.498
8 175 0.053
49 5 2.331
49 25 2.258
49 45 2.384
49 75 2.582
49 100 1.796
49 125 0.873
49 175 0.211
71 5 2.582
71 25 2.708
71 45 3.116
71 75 1.994
71 100 1.391
71 125 0.396
71 150 0.11
99 5 1.893
99 25 2.229
99 45 2.246
99 75 0.637
99 100 0.333
99 125 0.026
99 150 0.001
99 175 0.036
127 5 2.111
127 25 2.204
127 45 2.164
127 75 2.475
127 100 1.352
127 125 0.428
127 150 0.115
127 175 0.026
155 5 1.462
155 25 1.476
155 45 1.944
155 75 1.805
155 100 1.88
155 125 0.924
155 150 0.155
155 175 0.01
190 5 2.182
190 25 2.199
190 45 2.172
190 75 2.651
190 100 2.104
190 125 0.672
190 150 0.146
214 5 2.865
214 25 2.891
214 45 3.553
214 75 3.475
214 100 3.066
214 125 0.541
214 150 0.2
214 175 0.219
268 5 2.528
268 25 2.533
268 45 2.184
268 75 3.147
268 100 2.938
268 125 0.924
268 150 0.254
11 5 2.154
11 25 1.895
11 45 2.007
11 75 0.952
11 100 0.759
11 125 0.401
11 150 0.032
11 175 0.065
50 5 1.861
50 25 2.185
50 45 2.142
50 75 2.419
50 100 0.957
50 125 0.33
77 5 2.358
77 25 2.76
77 45 2.862
77 75 2.09
77 100 0.756
77 125 0.361
77 150 0.168
77 175 0.109
105 5 1.369
105 25 1.487
105 45 1.625
105 75 1.562
105 100 0.745
105 125 0.401
105 150 0.198
133 5 1.385
133 25 1.762
133 45 2.026
133 75 1.776
133 100 1.468
133 125 0.739
133 150 0.196
133 175 0.109
168 5 1.031
168 25 1.623
168 45 1.52
168 75 2.385
168 100 2.264
168 125 0.834
168 150 0.245
168 175 0.066
196 5 2.066
196 25 2.078
196 45 2.099
196 75 2.967
196 100 1.622
196 125 0.677
196 150 0.222
196 175 0.048
222 5 1.91
222 25 2.046
222 45 2.54
222 75 2.449
222 100 0.909
222 125 0.512
222 150 0.253
222 175 0.276
271 5 1.621
271 25 2.02
271 45 1.843
271 75 2.942
271 100 2.888
271 125 1.058
271 150 0.208
271 175 0.076
292 5.7 2.366
292 25.1 2.469
292 45.5 3.426
292 75.4 2.983
292 100.3 1.947
292 125.4 0.661
292 150 0.217
292 175.3 0.242
292 5 2.268
292 25 2.325
292 45 2.066
292 75 2.99
292 100 1.208
292 125 0.573
292 150 0.3
292 175 0.201
315 5 2.435
315 24.6 2.521
315 43.9 2.447
315 75.2 2.831
315 100.2 1.011
315 125.1 0.281
315 149.7 0.124
315 175.4 0.372
315 5 1.889
315 25 1.682
315 45 1.779
315 75 1.888
315 100 0.385
315 125 0.223
315 150 0.091
343 5 2.254
343 25 2.282
343 45 2.239
343 75 1.457
343 100 1.047
343 125 0.296
13 4.4 2.767
13 25.7 3.181
13 46.2 2.846
13 75.9 2.816
13 100.6 2.785
13 125.4 0.254
13 150.2 0.128
13 175.6 0.033
13 5 1.613
13 25 1.787
13 45 1.738
13 75 1.74
13 100 1.419
13 125 0.194
13 150 0.08
49 5 1.737
49 25 2.147
49 45 1.978
49 75 1.513
49 100 0.633
49 125 0.283
49 175 0.007
76 5 2.082
76 25 2.444
76 45 2.916
76 75 2.795
76 100 0.764
76 125 0.291
76 150 0.6
76 175 0.264
104 5 1.939
104 25 1.926
104 45 2.009
104 75 1.927
104 100 1.729
104 125 0.963
104 150 0.544
130 5 1.552
130 25 1.576
130 45 1.804
130 75 2.148
130 100 1.621
130 125 1.74
195 5 1.725
195 25 1.501
195 45 1.018
195 75 2.267
195 100 1.6
195 125 0.569
195 150 0.285
195 175 0.194
226 5 1.489
226 25 1.459
226 45 1.811
226 75 1.549
226 100 1.075
226 125 0.118
226 150 0.134
288 5 1.875
288 25 1.912
288 45 2.056
288 75 2.354
288 100 0.82
288 125 0.309
288 150 0.408
313 5 2.227
313 25 2.015
313 45 2.132
313 75 2.265
313 100 1.963
313 125 0.433
313 150 0.189
349 5 2.821
349 25 2.421
349 45 2.53
349 75 2.209
349 100 0.564
349 125 0.508
349 150 0.107
349 175 0.391
34 5 1.328
34 25 1.631
34 45 1.69
34 75 2.111
34 100 1.379
34 125 0.406
34 150 0.285
34 175 0.016
61 5 1.735
61 25 1.745
61 45 1.855
61 75 2.249
61 100 1.44
61 125 0.482
61 150 0.085
61 175 0.027
89 5 2.458
89 25 2.544
89 45 2.453
89 75 3.015
89 100 2.436
89 125 1.089
89 150 0.608
89 175 0.197
117 5 1.122
117 25 1.282
117 45 1.774
117 75 1.919
117 100 1.09
117 125 0.374
117 150 0.323
117 175 0.226
146 5.2 1.271
146 24.7 1.058
146 45 1.432
146 74.5 3.063
146 99.1 2.527
146 125.1 1.469
146 150.3 0.495
146 175.3 0.138
173 5 1.692
173 24.6 3.057
173 45.4 2.144
173 75.6 2.154
173 99.7 1.489
173 45 1.958
208 4.6 2.243
208 24.8 2.251
208 44.3 2.456
208 74.2 2.515
208 100 1.452
208 25 1.92
208 45 2.425
236 4.9 1.959
236 25 1.96
236 44.9 1.926
236 74.1 1.12
236 98.8 0.7
236 125.1 0.292
236 149.5 0.088
236 177.1 0.01
236 25 1.645
236 45 1.623
292 4.6 1.174
292 4.6 1.031
292 4.7 1.077
292 24.9 1.333
292 24.9 1.063
292 24.9 1.066
292 45 1.222
292 45 1.345
292 45 1.33
292 74.3 1.472
292 74.2 1.827
292 74.1 1.766
292 98.9 0.373
292 98.9 0.424
292 98.9 0.398
292 125.4 0.083
292 125.4 0.09
292 125.3 0.087
292 147.9 0.03
292 176.2 0.003
335 4.8 0.996
335 4.7 0.703
335 4.7 0.768
335 25.2 0.708
335 25.1 0.782
335 25.1 0.809
335 45 1.231
335 45 1.28
335 44.9 1.157
335 74.3 0.924
335 74.2 0.808
335 74.4 1.007
335 98.8 0.356
335 99.2 0.351
335 99.1 0.324
335 123.7 0.132
335 123.8 0.127
335 123.9 0.125
335 149 0.05
335 171.8 0.025
355 5.2 0.445
355 5.2 0.429
355 5 0.449
355 43.2 0.154
355 43.1 0.38
355 73.4 1.074
355 73.6 0.995
355 73.7 1.012
355 101.4 1.241
355 101 1.222
355 100.4 1.209
355 121 0.318
355 121.1 0.274
355 122.2 0.269
355 150.4 0.074
355 174.5 0.026
17 3.8 0.327
17 23.5 0.324
17 44 0.358
17 73.3 0.993
17 99.7 0.654
17 123.6 0.115
17 148 0.062
17 174.8 0.02
81 3.9 1.071
81 23.8 1.2
81 44 1.764
81 75.7 1.678
81 98.9 1.661
81 123.7 1.137
81 148.4 0.41
81 173.7 0.024
108 3.9 1.087
108 23.6 1.014
108 43.3 1.186
108 73.8 1.55
108 98.7 1.813
108 123.4 0.736
108 148.7 0.277
108 173 0.098
137 4.8 0.837
137 24.7 0.83
137 44.8 0.599
137 74.5 0.873
137 98.8 1.077
137 124.1 0.524
137 150.3 0.221
137 176.9 0.062
165 4 1.604
165 23.5 1.42
165 44.1 2.009
165 73.4 2.413
165 99.3 1.706
165 122.6 0.614
165 148.7 0.308
165 173.7 0.143
192 4.3 0.099
192 23.7 0.299
192 44.9 0.584
192 73.8 1.797
192 100.3 0.804
192 124 0.363
192 148.7 0.136
192 175.1 0.036
220 4.7 0.353
220 24.9 0.442
220 44.7 0.322
220 76 1.285
220 99.1 0.804
220 124.9 0.265
220 149 0.049
220 176.4 0.011
275 4.8 0.388
275 25.8 0.488
275 45.2 0.376
275 74.1 1.543
275 100.9 1.142
275 124.6 0.523
275 149.8 0.159
275 175.3 0.033
296 4.8 0.979
296 24.6 1.098
296 45.2 1.082
296 75.3 1.561
296 100.3 0.414
296 124.7 0.179
296 150.4 0.1
296 174.5 0.013
321 4.2 0.578
321 24.4 0.676
321 44.2 0.734
321 74.5 2.029
321 99.4 0.38
321 124.5 0.155
321 148.5 0.015
349 4.2 1.569
349 24.1 1.673
349 43.6 1.606
349 57.8 1.586
349 75.5 1.567
349 84.1 1.268
349 98.1 0.747
349 114.6 0.404
349 123.8 0.211
349 134.4 0.095
349 150.6 0.034
349 174.3 0.008
16 4.4 1.096
16 23.6 1.468
16 44.5 1.213
16 74.1 0.986
16 98.8 1.215
16 124.4 0.272
16 150.3 0.031
16 176.3 0.011
52 4 0.979
52 24.3 1.004
52 44.7 0.973
52 74 1.3
52 100.7 0.475
52 125.6 0.107
52 148.6 0.029
52 177.9 0.033
72 4.1 0.729
72 24.2 0.855
72 44 0.906
72 74.5 1.541
72 98.1 2.401
72 123.7 0.9
72 150.5 0.375
72 174.4 0.232
141 4.1 0.783
141 24 0.957
141 43.5 1.043
141 73.6 1.288
141 99 1.371
141 124.1 0.669
141 149.2 0.326
141 175.8 0.074
181 4 0.113
181 24.2 0.237
181 44.3 0.351
181 74.6 1.383
181 100.3 0.854
181 124.2 0.39
181 148.7 0.119
181 174.7 0.029
240 4.3 0.785
240 25.1 0.751
240 45 1.308
240 75.7 2.104
240 100.7 1.315
240 123.9 0.897
240 150.8 0.339
240 175.7 0.089
308 4.7 0.936
308 25 0.881
308 45.1 0.914
308 45.2 0.827
308 75.4 1.898
308 99.5 1.25
308 126.2 0.346
308 149.5 0.108
308 175.3 0.009
329 4.9 0.731
329 25.3 0.847
329 44.5 1.058
329 74.9 1.511
329 100.7 0.652
329 126.4 0.196
329 150.9 0.069
329 175.2 0.009
353 3.5 1.034
353 25 1.037
353 45.5 1.279
353 75.7 1.122
353 99.1 0.662
353 125.3 0.232
353 151.5 0.046
353 173.2 0.018
17 4.1 1.427
17 24.4 1.582
17 45 1.477
17 74.4 1.497
17 99.7 1.433
17 124.8 0.389
17 150.3 0.123
17 175.2 0.009
57 4.2 1.147
57 24 1.534
57 45.5 1.319
57 74.2 1.758
57 99.2 2.025
57 126.6 0.802
57 152.8 0.358
57 172.6 0.1
88 9.6 0.955
88 24.6 0.838
88 45.2 1.661
88 74.1 2.192
88 101.5 1.791
88 125.5 0.58
88 151.7 0.172
88 174.9 0.009
114 4.3 0.881
114 23.8 1.128
114 44.5 0.894
114 74.5 1.714
114 99.2 2.208
114 124.6 0.838
114 148.8 0.409
114 177.2 0.124
141 5 0.417
141 24.4 0.429
141 44.6 0.62
141 74.4 1.509
141 100.3 1.326
141 123.9 0.58
141 149.9 0.119
141 175 0.013
171 4.7 0.48
171 23.4 0.792
171 44.6 0.651
171 74.4 1.487
171 99.2 1.483
171 124.3 0.505
171 148.6 0.17
171 176.1 0.024
201 4.9 0.229
201 24.2 0.203
201 45.5 0.165
201 75.1 0.665
201 99.9 1.832
201 125.2 0.828
201 149.8 0.286
201 175.4 0.052
233 5.5 0.309
233 25.7 0.34
233 44.1 0.402
233 74 1.107
233 101 1.488
233 129.6 0.424
233 147.8 0.194
233 173.9 0.057
288 4.5 0.52
288 26.9 0.543
288 45 0.521
288 74.6 1.418
288 100.5 1.756
288 123.7 0.583
288 149.1 0.133
288 177.3 0.04
314 10.5 1.711
314 25.5 1.753
314 45.5 1.729
314 75.4 1.784
314 103.6 1.724
314 129.3 0.377
314 144.9 0.182
314 176.3 0.037
354 10 0.804
354 25.1 0.912
354 45.4 1.384
354 74.5 1.464
354 100.6 1.244
354 125.7 0.575
354 149 0.088
354 179.8 0.005
56 25.1 1.385
56 43.7 2.028
56 74.4 1.673
56 97.9 0.654
56 123.6 0.079
56 149.9 0.006
56 177 0.006
80 6.7 1.231
80 24.4 1.376
80 44.8 1.66
80 73.9 1.622
80 100 1.033
80 123.8 0.483
80 148.7 0.19
80 174.5 0.095
112 3.9 1.473
112 23.1 1.658
112 44 1.735
112 73.4 2.518
112 98.5 1.682
112 123.6 0.571
112 148.3 0.182
112 174.1 0.054
140 4.7 0.194
140 24.2 0.192
140 44.5 0.223
140 74.3 0.656
140 99.1 1.758
140 124.6 0.709
140 149.5 0.307
140 174.8 0.061
168 4 1.107
168 24.3 1.093
168 44.3 1.593
168 74.3 2.065
168 99.5 1.111
168 124.4 0.401
168 149.2 0.171
168 174.8 0.068
230 5.2 1.348
230 24.6 1.602
230 45.6 1.711
230 74.6 1.74
230 99.1 0.978
230 124.4 0.314
230 149.3 0.149
230 175 0.036
273 4.8 1.788
273 24.8 1.693
273 44.3 2.001
273 73.9 2.481
273 99.6 2.043
273 125.6 0.599
273 149.3 0.23
273 175.5 0.043
305 5 1.661
305 25.4 1.609
305 46.5 1.52
305 74.7 1.848
305 99.5 1.416
305 125.6 0.284
305 150 0.151
305 176.4 0.038
333 4.8 1.049
333 25 1.028
333 44.9 1.082
333 76.1 1.963
333 99.3 0.774
333 124.6 0.314
333 150 0.129
333 175.7 0.013
356 5.1 1.792
356 24.3 1.738
356 44.9 1.764
356 76.1 1.779
356 100.6 0.587
356 124.8 0.105
356 150.1 0.007
356 176.9 0.002
33 5 1.667
33 25.1 1.693
33 44.9 1.467
33 74.5 0.492
33 100.3 0.266
33 125 0.132
33 151 0.01
33 174.7 0.002
64 5.5 1.141
64 25.1 1.152
64 44.4 1.258
64 75 2.023
64 99.6 0.481
64 125.3 0.226
64 150 0.035
64 173.9 0.006
139 13.4 0.199
139 25.9 0.36
139 43.2 0.34
139 75.9 0.532
139 99.8 0.711
139 124.4 0.538
139 149.7 0.216
139 175 0.182
166 13.5 0.556
166 24.9 0.453
166 43.7 0.432
166 75.2 0.412
166 99.5 0.721
166 125.1 0.303
166 149.8 0.025
166 175.5 0.028
198 4.9 0.526
198 25.4 0.57
198 45.3 0.435
198 75 0.551
198 100.6 0.833
198 125 0.592
198 150.1 0.266
198 174.8 0.059
226 4.8 0.586
226 24.9 0.539
226 45.5 0.642
226 75.3 0.672
226 100.1 1.29
226 125.1 0.74
226 150.1 0.245
226 175.8 0.15
253 5.7 0.563
253 23.9 0.555
253 44.8 0.815
253 76.1 1.486
253 98.1 0.463
253 123.5 0.223
253 149.4 0.123
253 174.3 0.071
282 8 0.221
282 25.2 0.238
282 45.8 0.211
282 75.3 0.278
282 100.2 0.922
282 125.4 0.284
282 151.3 0.066
282 174.1 0.01
316 9.2 2.094
316 24.5 2.125
316 43.5 2.112
316 73.6 2.044
316 99 0.834
316 123.8 0.356
316 148.8 0.152
316 174.7 0.078
347 5 2.021
347 25.2 1.425
347 44.5 1.79
347 75.8 2.077
347 100.8 1.135
347 125.1 0.562
347 149.2 0.209
347 178.7 0.035
25 7.7 1.952
25 24.7 1.991
25 46.9 1.977
25 74.8 1.908
25 100.4 1.84
25 125.2 2.127
25 149.8 0.616
25 175.7 0.089
46 10.3 2.192
46 24.6 2.299
46 45.3 2.303
46 73.9 1.192
46 100.4 0.339
46 125.3 0.115
46 149.8 0.023
46 177 0.004
69 5.4 1.983
69 24.5 2.029
69 46.2 2.087
69 75.5 2.095
69 99.7 2.015
69 123.1 1.611
69 150 0.346
69 173.6 0.039
92 6.2 2.263
92 25.5 2.966
92 45 2.281
92 75.6 1.905
92 100.5 1.04
92 124.3 0.351
92 149.7 0.117
92 176.3 0.043
147 7.3 1.646
147 26.5 1.87
147 46.4 2.029
147 76.3 1.358
147 101.2 0.775
147 124.6 0.46
147 150.4 0.223
147 176.2 0.03
165 8.2 2.356
165 25 2.081
165 46 2.571
165 76.1 2.468
165 100.9 2.785
165 124.9 0.855
165 150.9 0.321
165 176.6 0.043
194 75 2.727
194 100.7 1.369
194 125.5 0.184
194 149.8 0.058
194 174.5 0.045
221 7.5 1.378
221 25.8 1.293
221 60 2.274
221 89.8 1.997
221 115 0.435
221 150.5 0.136
221 164.5 0.05
221 174.8 0.035
259 6.3 2.163
259 26.3 2.384
259 46.1 2.634
259 75.6 2.499
259 100.8 2.453
259 125.3 0.699
259 150.4 0.12
259 175.7 0.018
294 8.7 1.862
294 25.3 2.088
294 45.1 2.891
294 74.5 2.799
294 101.4 1.801
294 126 0.449
294 151.6 0.272
294 173.6 0.067
313 6.9 2.002
313 25 2.349
313 45.5 2.308
313 76.1 2.212
313 100.8 1.982
313 124.8 0.597
313 150.1 0.144
313 175 0.024
344 9 1.738
344 23.7 1.781
344 44.6 1.768
344 75 1.298
344 101 0.606
344 125.7 0.278
344 175.6 0.018
38 5.1 1.887
38 24.6 1.874
38 45.2 2.006
38 75.5 1.19
38 100.8 0.379
38 123.4 0.06
38 149 0.003
38 174.7 0.001
80 4.4 1.402
80 25 1.508
80 75.1 1.643
80 99.7 0.929
80 124.2 0.251
80 149.7 0.037
80 174.1 0.002
125 7.4 2.198
125 25.9 2.156
125 44.5 2.51
125 75.3 2.863
125 100.2 2.577
125 125.3 1.151
125 149.6 0.337
125 174.5 0.105
189 6.8 1.74
189 24.8 1.82
189 45.3 1.81
189 75.9 2.492
189 99.8 2.197
189 124.8 0.499
189 149.7 0.157
189 175 0.053
216 7.9 1.72
216 25.2 1.852
216 44.9 2.436
216 75.9 2.017
216 100.1 1.647
216 125.4 0.661
216 149.9 0.313
216 175.3 0.142
246 6.6 2.197
246 25.8 2.499
246 46 2.581
246 75.9 2.792
246 100.5 2.417
246 125.4 0.548
246 150.5 0.101
246 176 0.113
275 4.5 2.025
275 24.8 2.083
275 44.3 2.173
275 75.7 2.606
275 99 2.065
275 126 0.758
275 149.7 0.174
275 176.9 0.086
335 8.8 2.158
335 24.7 2.025
335 44.9 1.757
335 74.9 1.698
335 99.4 0.673
335 126.3 0.199
354 5.8 1.374
354 24 1.465
354 45.8 1.354
354 76 1.276
354 101.1 0.887
354 123.1 0.32
354 149.2 0.058
354 175.1 0.029
29 5.8 1.445
29 24.5 1.499
29 45.7 1.474
29 74.5 1.474
29 99.7 1.2
29 124.2 0.338
29 150.5 0.078
29 177.2 0.006
54 7.4 1.711
54 27.8 2.044
54 46.4 2.106
54 76.6 2.305
54 126.3 0.555
54 151.7 0.125
54 176.6 0.011
148 7.5 1.879
148 26.1 2.335
148 46 2.295
148 75.6 2.453
148 101.1 2.943
148 125.6 1.044
148 150 0.264
148 175.6 0.103
177 9.2 1.905
177 24.6 1.867
177 44.1 1.819
177 74.2 2.347
177 99.2 1.631
177 124.3 0.708
177 149.5 0.288
177 174 0.052
208 8.4 1.627
208 25.3 1.599
208 44.7 2.225
208 75 2.58
208 100.9 2.104
208 125.3 0.71
208 150 0.185
208 176.1 0.06
229 6.2 2.755
229 24.9 2.861
229 43.7 2.928
229 74.3 2.759
229 100.1 0.872
229 125.6 0.308
229 150.2 0.096
229 174.3 0.033
284 6 2.476
284 24.5 2.161
284 44.2 2.6
284 74.3 2.155
284 99.2 0.843
284 124.1 0.296
284 148.9 0.068
284 174 0.015
335 10.1 2.156
335 22.3 2.105
335 43.3 2.044
335 76.7 2.056
335 100.2 1.134
335 121.8 0.582
335 147.5 0.168
335 175 0.008
20 6.6 1.97
20 24.6 2.06
20 45.3 2
20 74.4 2.067
20 99.6 1.93
20 125.3 0.367
20 150.4 0.232
20 175 0.009
48 6.7 1.198
48 24.8 1.23
48 45.4 1.259
48 74.9 1.283
48 100 0.57
48 126 0.373
48 150 0.057
48 173.9 0.009
118 5 1.604
118 25 1.978
118 44.7 2.402
118 75 2.33
118 99.8 1.274
118 125.1 0.27
118 150.1 0.138
118 175.2 0.025
147 7.2 1.847
147 27.1 1.925
147 47 1.796
147 76.9 2.269
147 101.9 1.132
147 126.7 0.47
147 151.7 0.21
147 176.8 0.085
184 8.2 1.77
184 25.1 1.751
184 44.7 2.19
184 74.4 2.475
184 100.1 1.725
184 125.9 0.693
184 150.1 0.237
184 175.3 0.162
205 7.6 1.583
205 24.9 1.61
205 45.1 2.021
205 75.4 2.793
205 99.9 1.812
205 124.9 0.382
205 150.2 0.138
205 175.3 0.018
230 8.3 1.778
230 24.5 1.575
230 46.1 2.287
230 75 1.503
230 100.7 1.49
230 124.4 0.503
230 151.3 0.194
230 176 0.082
267 5.4 2.461
267 25.1 2.781
267 44.6 2.667
267 74.7 2.461
267 99.8 0.805
267 125.2 0.31
267 150.2 0.038
267 176.7 0.04
307 4.6 2.124
307 24 2.224
307 44.7 2.116
307 75.2 2.679
307 99.4 1.061
307 127 0.378
307 149.6 0.059
307 171.4 0.029
343 4.7 2.777
343 24.4 2.822
343 44.3 2.711
343 75 2.058
343 99.9 0.789
343 126.5 0.304
343 151.6 0.107
343 175.5 0.031
69 4.7 2.003
69 25.5 1.989
69 45.6 1.914
69 75.3 1.878
69 101.3 1.457
69 125.4 0.273
69 150.8 0.083
69 172.8 0.021
96 4.7 1.643
96 25.3 1.672
96 44.1 1.703
96 77.4 1.853
96 98.5 1.94
96 123.3 0.53
96 150 0.108
96 174.2 0.026
138 5 1.526
138 23.1 1.538
138 44.4 1.796
138 74.4 2.251
138 100.4 1.385
138 125.1 0.43
138 150.2 0.17
138 176.4 0.085
159 5.5 1.602
159 25.1 1.504
159 44.6 1.838
159 75.4 1.943
159 100.1 1.004
159 127.3 0.69
159 147.8 0.437
159 180 0.054
189 5.8 1.769
189 25.7 1.584
189 46.2 1.8
189 75.4 2.147
189 100.5 1.76
189 125.7 0.901
189 150.6 0.379
189 175 0.063
219 6 1.607
219 24.9 1.621
219 45.1 1.725
219 75.4 2.176
219 100.2 2.133
219 125.1 1.273
219 151.2 0.405
219 176.2 0.202
246 6.6 1.832
246 25 1.847
246 45 1.997
246 75.3 2.411
246 100.3 1.585
246 124.5 0.487
246 149.9 0.177
246 176.9 0.011
276 5.7 1.752
276 24.5 2.14
276 45.5 2.148
276 76 2.704
276 100.8 1.611
276 126 0.368
276 150.2 0.118
276 175.3 0.026
325 5.7 2.028
325 25.2 2.2
325 45 2.244
325 75.2 2.321
325 100.3 1.751
325 125.6 0.602
325 150.2 0.12
325 175.3 0.035
9 6.7 1.676
9 26.6 1.745
9 46.2 1.703
9 76.6 1.734
9 101.6 1.551
9 125.5 0.418
9 149.6 0.044
9 175.1 0.015
29 6.7 1.687
29 24.9 1.653
29 45.8 1.598
29 74.9 2.021
29 100 1.633
29 124.5 0.489
29 150.4 0.094
29 176.1 0.006
59 6.8 1.526
59 24.8 1.458
59 46.3 1.574
59 100.7 2.116
59 125.7 0.733
59 150.4 0.127
59 175.1 0.032
101 4.6 1.709
101 25.4 1.574
101 45.5 1.731
101 75 1.997
101 102.5 2.267
101 125.1 2.272
101 150.3 0.171
101 175.9 0.054
129 5.9 1.829
129 24.1 1.83
129 44 1.828
129 74.2 1.703
129 99.4 1.041
129 123.9 0.395
129 149.6 0.22
129 175.5 0.126
200 5.7 1.735
200 24.5 1.649
200 44.6 1.758
200 74.7 1.922
200 99.8 1.857
200 124.1 1.084
200 149.5 0.447
200 174.7 0.118
243 5.6 1.56
243 25.7 2.052
243 45.6 2.736
243 74.8 2.016
243 99.7 0.911
243 124.9 0.308
243 149.6 0.129
243 173.7 0.061
270 5.8 2.305
270 25.7 2.55
270 45.3 2.536
270 75.9 2.562
270 100.9 1.706
270 125.5 0.709
270 150.4 0.188
270 175.9 0.079
308 5.7 2.348
308 26 2.409
308 47.1 2.309
308 78.5 1.391
308 99.9 0.698
308 126.7 0.237
308 152.8 0.085
308 181 0.02
333 5.6 1.532
333 24.8 1.546
333 45.5 1.512
333 74.2 1.553
333 99.6 1.433
333 124.1 0.353
333 149.4 0.208
333 175.6 0.038
354 5.6 2.17
354 24.9 2.143
354 44.8 2.207
354 73.8 1.664
354 99.4 0.728
354 124 0.125
354 149.8 0.077
354 174.1 0.024
18 5.6 1.639
18 25.8 1.734
18 44.4 1.742
18 75.7 1.548
18 100.2 1.194
18 127.5 0.418
18 151.8 0.098
18 175.2 0.046
122 5.7 1.798
122 23.9 2.04
122 46.1 2.05
122 78.2 2.445
122 101.1 1.815
122 125.5 0.41
122 148.8 0.275
122 172.8 0.197
151 4.5 1.283
151 24.4 1.297
151 45.6 1.987
151 73.8 2.131
151 100.9 1.616
151 123.9 1.652
151 148.9 0.603
151 177.2 0.151
178 5 1.719
178 24.8 1.706
178 45.4 1.642
178 75.1 2.272
178 99.5 1.322
178 125.2 0.412
178 149.6 0.177
178 174.7 0.111
213 6.7 2.24
213 24.4 2.224
213 45.4 2.63
213 75.7 2.62
213 100.3 1.533
213 124.6 0.448
213 150.3 0.157
213 175.8 0.051
230 5.2 2.281
230 24.7 2.393
230 45.4 2.341
230 75.3 2.634
230 100.3 1.397
230 126.3 0.703
230 150.4 0.23
230 175.7 0.078
258 5.5 1.53
258 24.6 1.307
258 45.5 1.779
258 75.3 1.898
258 100.5 1.119
258 124.5 0.581
258 149.9 0.255
258 174.9 0.155
281 5.6 1.593
281 25.2 1.745
281 45.3 1.958
281 75.4 2.081
281 100.2 1.512
281 125.5 0.482
281 150.1 0.177
281 174.6 0.055
338 5.9 2.34
338 25.5 2.364
338 44.3 2.333
338 75.4 2.18
338 100.1 1.098
338 124.8 0.368
338 150.9 0.027
338 176.2 0.006
43 7.9 2.246
43 25.4 2.219
43 45.6 2.304
43 75.1 2.357
43 100 2.424
43 124.3 1.142
43 150 0.433
43 175.2 0.045
65 6.4 2.176
65 25.2 2.267
65 45.2 2.414
65 76.4 1.889
65 99.5 1.102
65 124.9 0.669
65 176.5 0.185
95 5.3 2.192
95 25.4 2.084
95 45.9 2.612
95 75.7 2.627
95 100 2.175
95 125.2 0.729
95 149 0.347
95 174.2 0.07
137 7.3 1.794
137 25 1.886
137 45.3 2.321
137 75.5 2.618
137 100.4 3.363
137 124.8 0.571
137 149.8 0.186
137 175.6 0.12
176 8 2.13
176 25.9 2.169
176 45.1 3.532
176 76.1 2.3
176 101.8 0.806
176 125.7 0.241
176 149.9 0.164
176 175.5 0.05
254 6.8 2.294
254 25.4 2.197
254 45.2 2.272
254 75.6 2.45
254 101.3 1.32
254 125.8 0.538
254 151.2 0.048
254 175.5 0.006
300 7.7 2.615
300 25.4 2.597
300 45.7 2.575
300 75.5 2.809
300 100.2 1.039
300 124.8 0.315
300 151 0.089
300 175.6 0.034
330 7.6 2.384
330 25.2 2.512
330 45.7 2.66
330 74.3 3.047
330 100.7 1.049
330 126.3 0.367
330 150.6 0.127
330 175.6 0.018
354 7.5 2.414
354 25.2 2.287
354 45.6 2.339
354 74.8 2.082
354 100.5 1.048
354 125.6 0.302
354 149.5 0.02
354 174.3 0.002
15 6.3 2.089
15 23.8 2.141
15 45.9 2.227
15 75.9 2.243
15 101.1 2.428
15 126.2 0.921
15 150.8 0.113
15 175.4 0.007
45 7.8 2.02
45 26.2 2.024
45 44.2 1.931
45 74.9 1.642
45 100.4 0.794
45 125.4 0.374
45 151.1 0.189
45 174.7 0.008
64 7 2.375
64 24.8 2.359
64 46.4 2.404
64 75.5 2.542
64 100.5 0.795
64 124.2 0.272
64 150.7 0.114
64 174.5 0.011
100 4.5 1.516
100 23.9 1.551
100 45 1.532
100 72.8 2.253
100 99.2 2.19
100 124.8 0.928
100 149.1 0.644
100 175 0.326
152 5.4 1.662
152 24.7 1.979
152 44.8 2.116
152 75.4 2.261
152 100.2 0.961
152 125.6 0.523
152 149.4 0.166
152 174.4 0.01
181 5.1 1.831
181 24.9 2.042
181 45.2 2.317
181 75.7 2.43
181 100 1.97
181 124.4 0.736
181 150.1 0.147
181 175 0.051
257 7.7 2.25
257 25.6 2.675
257 45.1 3.049
257 75.3 3.555
257 100.2 0.95
257 125.1 0.373
257 150.1 0.195
257 174.5 0.049
286 8 2.245
286 24.9 2.557
286 45.8 2.728
286 74.1 3.001
286 100.3 0.829
286 124.6 0.191
286 150.8 0.074
286 175.5 0.02
325 6.9 2.568
325 25.4 2.798
325 44.7 2.615
325 74.4 1.596
325 100.4 0.802
325 125.4 0.234
325 150.3 0.084
325 175.9 0.035
350 7.4 1.896
350 25.1 2.057
350 44.5 1.93
350 75.3 1.952
350 100.6 1.023
350 125.5 0.254
350 149.2 0.07
350 175.5 0.013
