"DOY" "Depth" "TIN"
305 4.7 0.02
305 39.4 0.04
305 99.4 0.21
305 150.3 2.07
305 191.8 2.26
305 217 3.79
305 279.9 8.01
305 340.6 13.95
305 399 20.73
305 475.9 26.87
305 25.5 0.04
305 42.9 0.02
305 114.4 0.4
306 16.6 0.02
306 56.4 0.02
306 117.3 0.36
306 137.8 1.3
306 157.7 2.37
306 181.8 3.07
306 204.2 4.21
306 228.8 4.92
306 303.8 10.9
306 354.5 15.32
306 405.3 20.9
337 15.6 0.07
337 99.5 0.18
337 136.4 0.12
337 173.3 2.23
337 238 3.43
337 322.5 11.29
337 433.3 20.2
337 494.5 26.47
337 1.5 0.05
337 21.2 0.05
337 46.2 0.07
337 71.1 0.05
337 97.9 0.21
337 122.9 0.72
337 148.6 1.61
337 177.6 2.03
337 1.6 0.05
337 16.2 0.05
337 37.8 0.07
337 57.9 0.07
337 79.2 0.07
337 98.9 0.55
337 119.7 0.76
337 139.8 1.59
337 161.5 1.77
337 181.1 2.05
337 258.5 5.35
338 277.2 6.72
338 303.3 9.21
338 354.9 13.14
338 404.1 16.96
8 35.9 0.02
8 204.9 3.41
8 378.3 16.68
8 19.7 0.02
8 118.8 0.38
8 186 2.75
8 252.9 5.2
8 334.2 13
8 384.7 17.59
8 436.6 20.96
8 4.9 0.02
8 22.8 0.04
8 43.3 0.02
8 72.7 0.04
8 97.7 0.04
8 122.2 0.11
8 146.8 0.61
8 176.8 1.49
9 2.8 0.02
8 38.2 0.02
8 56.7 0.04
8 79.4 0.04
8 96.6 0.1
8 117.5 0.49
8 139.2 1.02
8 151.6 1.81
8 163.4 2.09
8 186.7 3.2
8 230.8 4.6
9 201.3 2.82
9 251 5.16
9 278 5.72
9 304.3 7.71
9 353.1 14.22
9 403.8 19.55
58 8.7 0.07
58 18.8 0.05
58 38.5 0.07
58 58.4 0.05
58 78.4 0.05
58 98.4 0.07
58 108.2 0.05
58 118.3 0.07
58 131.3 0.29
58 141.4 0.98
58 151.3 1.53
58 163 2.16
59 179.4 3.23
59 226.3 4.91
59 250.9 6.57
59 270.4 7.8
59 299.8 9.29
59 402.2 16.5
59 201 3.97
59 404.4 16.32
59 5.8 0.02
59 22.1 0.02
59 41.8 0.02
59 71.8 0.05
59 99.6 0.07
59 123.2 0.21
59 151.1 2.31
59 177.4 3.11
59 47 0.05
59 131 0.24
59 162.1 1.91
59 203.7 3.95
59 299.8 9.72
59 355.4 13.38
59 423.7 23.74
86 26.7 0.14
86 111.1 0.05
86 144.1 0.92
86 212 3.08
86 266.8 5.15
86 351.8 10.5
86 386.6 15.34
86 423 17
86 453.2 19.13
88 40.8 0.02
88 71.7 0.02
88 81.6 0.02
88 92.5 0.05
88 101.9 0.05
88 111.7 0.05
88 121.6 0.47
88 127.4 0.69
88 133.7 0.98
88 143.6 1.25
88 152.5 1.39
88 200.2 3.22
138 136.1 1.92
138 201 4.91
138 281.2 10.17
138 324.4 13.97
138 386.6 18.59
138 464.2 25.54
138 4.5 0.01
138 99 0.41
138 108.7 0.96
138 119.1 1.86
138 129 2.68
138 139.8 2.85
138 159.7 3.23
138 179.6 4.45
138 199.7 4.81
138 250.6 7.3
138 273.5 8.9
138 300.4 12.23
138 349.7 15.57
138 400.4 19.23
175 15.3 0.05
175 79.6 0.02
175 99.5 0.02
175 139.5 0.36
175 199.2 5.05
175 242.8 10.18
175 304.8 11.61
175 403.5 21.51
175 49.1 0.02
175 127.6 0.05
175 225.5 5.73
175 424.3 20.06
175 105.2 0.04
175 257.6 7.21
175 279.8 8.33
175 309.8 9.35
175 363.8 15.84
175 424.1 19.88
209 54.3 0.02
209 98.5 0.02
209 148.5 1.34
209 206.8 4.3
209 288 10.63
209 403.5 21.77
209 483.8 30.41
210 204.9 4.92
210 228 5.91
210 253.5 7.45
210 304.8 12.41
210 356 16.75
210 405.7 21.09
210 5.6 0.02
210 27.4 0.02
210 46.8 0.02
210 61.7 0.02
210 77.3 0.02
210 87.8 0.02
210 98.5 0.04
210 109.3 0.04
210 119.2 0.06
210 130.5 0.12
210 156 1.99
210 181.1 3.66
235 59.9 0.02
235 91.6 0.04
235 139.3 0.63
235 191.7 3.62
235 227.3 4.43
235 299.8 10.82
235 357.1 16.39
235 483.7 28.42
236 203.8 3.91
236 230.9 5.05
236 255.6 7.38
236 305.4 11.83
236 355.5 16.52
236 408.1 21.37
236 4.8 0.01
236 25.8 0.02
236 45.8 0.02
236 61.6 0.02
236 76.1 0.02
236 97.4 0.01
236 109 0.02
236 118 0.04
236 130.5 0.13
236 157 0.91
236 181.8 2.75
265 7.2 0.05
265 86.7 0.07
265 96.6 0.05
265 108.3 0.07
265 123.4 0.14
265 132.9 0.69
265 143.8 3.19
265 182.8 4.78
265 217.7 6.45
265 274.2 12.01
265 285.2 12.18
265 303.2 12.84
265 345 16.53
265 404.4 22.63
265 465.2 29.51
265 489.7 32.53
266 6.3 0.07
266 26.5 0.05
266 47.4 0.03
266 63.2 0.03
266 79 0.03
266 98.6 0.04
266 111.2 0.07
266 119.9 0.38
266 131.7 0.93
266 157.5 5.29
266 182.1 5.53
266 206.7 5.95
266 231.7 5.86
266 257.6 8.16
266 282.5 11.34
266 307.4 13.57
266 330.9 15.55
266 356 17.01
266 384 20.33
266 461.3 28.58
291 118.1 0.01
291 133.3 0.18
291 198.5 2.63
291 246.1 4.43
291 296.3 7.7
291 330.3 9.89
291 380.8 14.48
291 441.5 19.03
291 487.8 24.65
292 4.8 0.01
292 25.5 0.04
292 45.4 0.01
292 61.7 0.01
292 76.4 0.01
292 86.7 0.01
292 96.5 0.04
292 106.4 0.16
292 116.8 0.27
292 129.7 0.42
292 153.9 0.84
292 181.7 1.6
292 207.3 2.57
292 258 5.48
293 301.2 8.7
293 330.9 9.89
293 358.2 11.15
293 383.2 13.24
293 412.9 15.91
293 460.2 22.93
332 30.6 0.04
332 56.4 0.01
332 80 0.04
332 99.3 0.06
332 121.6 0.41
332 147.2 1.35
332 226.9 4.7
332 299.8 11.72
332 342.7 15.91
332 407 21.9
332 437 23.55
332 467.1 26.38
332 5.8 0.01
332 25.3 0.04
332 45.6 0.01
332 61.6 0.01
332 76.5 0.01
332 86.6 0.01
332 96.3 0.06
332 106.7 0.24
332 119.6 0.53
332 130.6 0.67
332 155.4 1.58
332 181.5 2.66
332 201.3 3.2
333 231.2 4.34
333 256.3 6.48
333 281.2 8.16
333 306.4 10.92
333 331.5 13.67
333 356.6 15.91
333 381.6 17.67
333 409.8 21.67
4 25.6 0.02
4 77.2 0.02
4 131.6 0.31
4 182.6 0.99
4 182.6 0.98
4 216.9 1.91
4 338.5 14.49
4 377 17.68
4 496 28.24
5 45.8 0.02
5 75.5 0.02
5 85.6 0.02
5 95.1 0.11
5 105.9 0.12
5 117.3 0.23
5 126.9 0.5
5 136.8 1.29
5 479.6 26.69
5 479.6 26.93
5 160.6 0.93
5 215.3 2.5
5 239.1 3.94
5 252.9 4.69
5 280.5 6.33
5 335 15.68
5 359.6 17.48
5 407.4 20.95
47 77.6 0.21
47 102 0.27
47 133.5 1.51
47 172.9 2.79
47 233.3 5.7
47 273.3 7.91
47 304.5 10.84
47 355.9 14.22
47 407 19.03
47 446.9 22.87
47 45.9 0.02
47 60.8 0.02
47 75.6 0.02
47 85.3 0.08
47 96.4 0.45
47 105.9 0.32
47 115.6 0.4
47 125.4 0.96
47 135.7 1.21
47 151 1.62
47 177.6 2.74
78 24.6 0.02
78 142 0.96
78 153.2 1.65
78 174.1 3.85
78 174.1 3.85
78 226.7 7.38
78 296.1 17.04
78 395 21.65
78 395 21.53
78 469.2 29.29
78 126.9 0.02
78 137.2 0.2
78 151.7 1.01
78 177.8 2.91
78 203.7 5.36
78 213.8 5.37
78 239.4 7.42
78 256.3 9.49
78 303.7 17.4
78 331.4 17.94
78 355.6 15.79
78 407.8 22.36
78 45.3 0.02
78 99 0.04
78 110 0.05
102 1.2 0.02
102 11.8 0.02
102 56.8 0.02
102 153.7 0.1
102 169.2 0.07
102 204.8 1.78
102 266.3 9.53
102 317.3 15.95
102 317.3 15.95
102 332.8 19.45
102 358.3 15.95
102 421.8 24.98
102 450.1 27.24
102 486.2 29.85
103 137 0.07
103 152.2 0.26
103 162.4 0.45
103 178.8 0.93
103 190.6 1.14
103 207 1.11
103 214.8 0.64
103 231.2 2.35
103 255.9 4.18
103 255.9 4.18
103 308.5 14.35
103 308.5 14.4
103 333.8 15.95
103 356.8 19.15
103 408 21.05
103 25.7 0.02
103 36.9 0.05
103 45.9 0.02
103 61.8 0.02
128 33.1 0.01
128 72.3 0.04
128 149.5 1.8
128 219.2 5.89
128 310.4 11.18
128 374.6 16.07
128 429.7 23.16
128 481.9 29.33
129 6.2 0.01
129 26.9 0.01
129 36.8 0.01
129 87.4 0.01
129 106.8 0.01
129 118 0.01
129 129.9 0.2
129 137 0.69
129 154.4 1.24
129 182.3 2.7
129 209 3.66
129 228.5 5.42
129 253.3 6.34
129 282.8 8.71
129 307.1 10.39
129 331.4 11.86
129 357.3 14.75
129 447.5 25.08
163 13 0.05
163 115.8 0.38
163 154 1.41
163 194.7 1.46
163 217.4 3.08
163 264.1 5.24
163 309.2 7.75
163 354.1 15.07
163 385 18.46
163 424.9 21.71
163 493.9 28.99
164 45.6 0.03
164 127.1 0.43
164 137.2 0.53
164 154.2 0.75
164 181.8 1.93
164 207.5 3.03
164 230.2 4.48
164 257.6 4.77
164 281.9 6.16
164 308.2 9.12
164 333.9 15.77
164 361.6 18.46
164 405.6 20.21
206 27.5 0.03
206 117.7 0.4
206 155.9 1.7
206 223.5 3.64
206 305.6 13.95
205 357 16.11
205 420.5 22.19
205 481 28.4
206 231.6 4.84
206 254.9 6.81
206 282.2 10.03
206 307.3 12.41
206 333.1 13.57
206 357.4 16.24
206 406.4 19.79
206 108.1 0.03
206 117.5 0.13
206 137.5 1.51
206 153.4 2.15
206 164.7 1.21
206 181.6 2.22
206 207.8 3.14
351 10.1 0.02
351 84.8 0.02
351 97.6 0.09
351 103.7 0.39
351 150.5 1.96
351 174.2 2.92
351 223.7 5.52
351 309.1 11.54
351 383 15.08
351 431.6 20.8
351 496.6 28.33
352 118.8 0.49
352 129.9 0.75
352 139.3 1.35
352 166.3 2.35
352 191.8 3.28
352 241.2 6.01
352 255.2 6.97
352 281 8.81
352 308.7 11.42
352 333.4 12.68
352 359.1 14.28
352 27 0.02
352 96.2 0.01
352 106.2 0.05
352 116.6 0.29
352 128 1.7
34 119.4 0.54
34 138.4 0.89
34 209.2 3.4
34 243.4 5.22
34 342.4 10.82
34 374.5 12.87
34 407.8 14.74
34 424.6 17.31
34 470.1 24.61
34 118.2 0.03
34 128.5 0.06
34 139 1.04
34 154.8 1.41
34 182.3 2.22
34 209.8 4.37
34 229.1 6.7
34 259.5 8.52
34 283.6 9.46
34 310 10.51
34 339.5 12.12
34 357 13.79
34 410.3 15.96
34 493.9 25.96
65 117.6 0.06
65 126.5 0.25
65 139.2 0.65
65 153.9 1.49
65 203.7 3.98
66 171.7 2.78
66 255.1 7.46
66 278.8 10.04
66 305.4 11.76
66 333.8 14.01
66 353.9 14.9
66 397.9 19.81
67 72.9 0.06
67 101.7 0.23
67 124.6 0.69
67 139.5 1.35
67 147.6 2.81
67 156 2.15
67 179.9 2.18
67 406.1 20.09
99 351 14.31
99 92.1 0.03
99 108.3 0.13
99 163.7 1.21
99 187 2.22
99 245.7 4.07
99 371.6 14.67
99 386.5 16.12
99 431.6 20.35
100 230.6 4.79
100 257.3 7.05
100 284.2 9.6
100 308.5 11.59
100 334.4 13.94
100 359.4 16.27
100 411.2 21.89
100 88.9 0.1
100 98.6 0.14
100 108.2 0.6
100 119.6 0.79
100 130.3 1.21
100 157.1 2.04
100 181.3 2.34
100 209.7 3.12
128 148 0.14
128 207.6 3.55
128 230.6 4.81
128 328.4 12.31
128 410.5 18.37
128 431.4 20.84
128 215.4 3.97
128 241.5 5.62
128 255.9 6.49
128 281.6 8.25
128 306.8 11.46
128 331.2 12.45
128 361.5 14.67
128 410.6 19.85
128 18.3 0.03
128 26.4 0.03
128 165.4 0.44
128 188.5 2.02
155 386.2 14.6
155 104.4 0.03
155 152.4 1.13
155 157 1.44
155 226.7 3.81
155 311.3 10.46
155 402.2 16.46
155 443.9 21.54
156 232 4.7
156 255.4 6.49
156 279.9 9.04
156 312.3 11.01
156 412.7 18.81
156 16.2 0.03
156 120.2 0.03
156 130.2 0.13
156 139 0.27
156 169.5 1.52
156 194.1 1.98
156 210 3.2
190 110.1 0.03
190 143.4 0.35
190 186 1.3
190 244.2 4.62
190 315.9 10.68
190 372.8 15.58
190 409.1 20.47
190 421.1 22.11
190 485.7 28.02
191 215.8 2.59
191 230.5 3.47
191 253.7 4.77
191 285.4 6.68
191 309.2 8.74
191 336.1 11.05
191 360.2 13.94
191 413.1 19.35
191 43.2 0.03
191 115.1 0.1
191 127.4 0.15
191 135.8 0.43
191 150.6 0.45
191 180 1.05
191 205.8 2.84
221 71.8 0.02
221 142.2 0.52
221 160.4 0.68
221 181.9 1.23
221 214.6 2.47
221 256.6 4.52
221 282.3 6.64
221 390.7 15.67
221 448.5 21.3
222 229.3 2.97
222 257.7 4.03
222 285.6 5.34
222 310.2 7.56
222 334.1 10.08
222 362.4 12.94
222 415.4 16.03
222 75.7 0.02
222 117.7 0.02
222 129.6 0.07
222 139.3 0.19
222 153.1 0.55
222 181.1 1.11
222 208.5 2.12
260 201.8 1.71
260 144.6 0.33
260 202.3 2.03
260 264.5 5.15
260 341.1 11.55
260 380.1 16.55
260 385.9 17.34
260 434.1 21.32
261 230.6 2.93
261 256.5 3.94
261 276.1 5.5
261 305.7 7.85
261 329.3 10.66
261 353.4 12.37
261 409.7 16.95
261 121.8 0.02
261 131.5 0.25
261 141.7 0.37
261 158.7 0.75
261 176.2 1.14
261 199.9 1.89
293 251 7.22
293 481.2 27.06
294 112.3 0.08
294 129.1 0.23
294 159.8 0.57
294 218.9 4.78
294 265.9 8.06
294 309.6 11.02
294 355.5 13.1
294 406.7 19.11
294 224.7 4.78
294 249.1 7.66
294 274.4 9.25
294 300.1 10.65
294 325.6 12.49
294 349.3 13.22
294 399.8 17.64
294 103.9 0.05
294 114.6 0.2
294 124.7 0.34
294 135.1 0.47
294 150.5 0.13
294 199.6 2.53
294 226.4 4.97
294 250 7.91
339 50.3 0.01
339 200.7 3.49
339 53.8 0.01
339 67.8 0.01
339 97.4 0.02
339 108.9 0.13
339 130.3 0.39
339 145.4 0.9
339 207.9 3.91
339 295.7 11.52
339 307.9 12.43
339 339.8 14.85
339 398.5 20.96
339 446.3 27.17
339 476.3 29.69
340 224.4 5.06
340 249 7.33
340 275.3 10.29
340 304.7 11.47
340 350.5 13.9
340 398.2 19.77
340 498.4 28.13
340 99.2 0.02
340 105.3 0.13
340 115.8 0.44
340 126.5 0.45
340 137.6 0.74
340 153.7 1.66
340 178 2.91
340 201.7 4.36
340 45.7 0.01
340 75.4 0.01
340 88.6 0.01
45 115.1 0.44
45 131.9 0.68
45 200.2 1.1
45 239.1 1.5
45 342.5 8.52
45 375.6 12.38
45 401.2 16.57
45 407.8 16.94
45 456.7 22.14
46 229.6 1.95
46 253.1 2.4
46 278.1 5.12
46 301.6 7.02
46 330.8 9.46
46 356.3 12.65
46 402.1 17.51
46 138 0.62
46 153.1 0.77
46 177 0.96
46 204.8 1.13
46 85 0.01
46 92.5 0.01
160 19.4 0.03
160 113.9 0.04
160 469.6 28.58
161 48.1 0.01
161 80.2 0.01
161 87.2 0.01
161 119.2 0.07
161 126.4 0.39
161 174.9 2.61
161 203.3 6.23
161 270.2 13.24
161 295.2 14.02
161 311.5 17.36
161 375.2 18.75
161 470.9 27.32
161 498 29.19
161 226.7 7.77
161 253 12.12
161 282 12.97
161 304.8 16.77
161 330.8 18.31
161 354 18.36
161 405.8 24.01
161 4.6 0.02
161 24.7 0.01
161 34.6 0.01
161 44.8 0.01
161 59.6 0.01
161 103.9 0.01
161 113.4 0.28
161 124.5 0.53
161 135.9 0.68
161 148.3 1.7
161 175.1 3.57
161 202.8 6.36
161 257.2 11.9
186 11.5 0.01
186 87.4 0.01
186 455.5 23.35
186 163.8 1.53
186 231.1 1.83
186 330.5 11.37
186 370.8 14.92
186 423.4 20.97
186 476.6 27.46
186 483.2 28.19
187 228.4 3.13
187 253.9 3.6
187 278.7 6.36
187 304.5 8.47
187 328.7 10.48
187 353 12.52
187 401.9 17.19
187 78.1 0.01
187 87.2 0.01
187 108.5 0.01
187 118.1 0.01
187 129.3 0.02
187 139 0.38
187 153.9 0.61
187 178.1 1.23
187 200.2 1.93
218 255.4 9.17
218 278.9 11.66
218 303.5 14.4
218 320.8 15.1
218 351 16.73
218 399.8 19.76
219 103.2 0.06
219 107 0.16
219 152.9 2.27
219 225 5.95
219 286.8 10.76
219 305.4 12.38
219 341.6 15.31
219 400.3 19.93
219 468.5 28.48
219 495.9 31.01
219 118.5 0.14
219 128.8 0.32
219 138.1 0.9
219 153.5 1.77
219 178.8 2.67
219 204.5 3.84
219 231.4 5.82
219 9.9 0.01
219 31.1 0.01
219 31 0.02
219 40.3 0.01
19 491.4 26.56
19 498.4 27.7
20 8.9 0.01
20 53.9 0.01
20 101.7 0.01
20 105.5 0.01
20 146.7 0.6
20 229.1 2.82
20 279.6 5.4
20 297.7 6.84
20 338.6 10.2
20 395.8 13.81
20 275.4 5.66
20 299.5 7.51
20 349 11.49
20 393.8 15.79
20 498.9 24.88
20 135.1 0.26
20 149.7 0.97
20 160.5 1.21
20 198.1 1.84
20 209.9 3.42
20 226.2 4.45
20 233.5 4.71
20 249.3 5.08
20 24.7 0.01
20 130.4 0.04
47 486.2 27.83
47 15.7 0.01
47 25.8 0.01
47 95.4 0.75
47 100.4 0.86
47 110.5 1.44
47 144.5 2.17
47 225.4 4.94
47 300.8 8.92
47 310.7 9.81
47 361 15.59
47 421.1 21.93
47 490.6 28.39
48 224.3 6.43
48 234.5 6.8
48 249.5 7.9
48 274.9 9.61
48 299.7 10.89
48 326.5 12.42
48 351.3 13.95
48 400.6 18.89
48 45.4 0.01
48 58.7 0.07
48 74.3 0.18
48 84.6 0.27
48 94.6 0.43
48 104.7 0.86
48 114.5 1.35
48 124.5 1.9
48 137 2.17
48 151.5 2.72
48 175.4 3.92
48 203.8 4.82
103 11.2 0.01
103 191.9 1.49
104 158 1.37
104 175.1 1.63
104 181.4 1.82
104 197.8 2.16
104 218.9 3.56
104 254.1 5.51
104 374.9 15.65
104 400.2 18.3
104 431.1 20.99
104 15 0.01
104 26 0.02
104 34.9 0.01
104 44.4 0.01
104 60.2 0.01
104 75.5 0.01
104 85.4 0.01
104 104.9 0.01
104 115 0.07
104 125 0.14
104 134.9 0.41
104 150.4 0.46
104 176.2 0.74
104 196.2 1.5
104 208.9 2.15
104 223.4 2.85
104 148.1 0.2
104 179 0.67
104 224.9 2.52
104 234.8 3.26
104 248.6 4.05
104 273.4 5.41
104 298.4 6.69
104 324.8 8.52
104 350.9 10.35
104 396.1 12.66
104 498.3 22.55
140 78.9 0.01
140 177.9 0.82
140 98.8 0.01
140 162.2 0.56
140 185.2 0.86
140 210.2 1.76
140 236.5 2.99
140 293.6 5.93
140 364.9 11.19
140 406.5 15.23
140 444.2 18.61
140 451.4 20.27
140 226.5 3.46
140 235.6 3.91
140 250.9 5.39
140 277.6 6.09
140 301 7.42
140 324.6 9.31
140 351.9 11.67
140 408.9 16.78
141 6.5 0.01
141 14.8 0.01
141 24.5 0.01
141 34.9 0.01
141 45 0.01
141 85 0.01
141 95.3 0.01
141 106.3 0.01
141 116.4 0.02
141 124.5 0.02
141 134.8 0.09
141 150.1 0.6
141 176.4 0.93
141 203.8 2.21
141 246.8 4.1
257 210.5 2.82
257 226.5 4.75
257 235.6 5.72
257 250.2 6.55
257 275.9 8.72
257 300.9 11.21
257 326.8 13.04
257 351.2 15.16
257 399.7 18.85
257 491 28.73
257 25.6 0.01
257 36.7 0.01
257 46.6 0.01
257 61.4 0.01
257 76.2 0.01
257 86.5 0.01
257 96.4 0.01
257 105.9 0.01
257 116.2 0.02
257 125.6 0.03
257 136.3 0.26
257 154.2 1.38
257 177.7 2.65
257 200.9 3.28
301 498.9 29.99
301 117.3 0.14
301 171.2 4.59
301 226.7 7.2
301 271.8 10.8
301 314.6 13.73
301 371.6 18.8
301 399.8 22.69
301 450.8 27.88
301 486.3 31.43
302 221.2 6.07
302 238.3 8.22
302 251.2 9.18
302 275 10.64
302 300.4 12.32
302 324.1 13.78
302 349.8 15.39
302 403.8 19.72
302 7.1 0.01
302 17.2 0.01
302 27.1 0.01
302 37.3 0.01
302 48.4 0.01
302 58.5 0.01
302 78.9 0.01
302 93.4 0.03
302 105.2 0.03
302 117.8 0.04
302 125 0.11
302 138.4 0.89
302 148.9 1.99
302 176.8 3.03
302 197.4 3.95
19 106.5 0.07
19 499.2 29.56
20 87.3 0.05
20 93.8 0.11
20 98.4 0.16
20 128.1 0.8
20 160.7 1.19
20 199.3 2.26
20 223.8 4.1
20 263.5 9.43
20 288.5 12.24
20 350.4 15.89
20 414.7 22.83
20 474 29.39
20 226.1 3.42
20 234.2 3.97
20 251.6 5.83
20 278 9.35
20 303.9 12.11
20 321.9 13.28
20 349.4 14.42
20 400.1 19.13
20 36.7 0.01
20 62.9 0.01
20 85.8 0.01
20 96.1 0.01
20 106.4 0.03
20 114.6 0.05
20 125.7 0.31
20 136.4 0.55
20 153.1 0.88
20 168.8 1.04
20 204.6 1.71
22 5.4 0.02
22 100.6 0.21
22 483.3 29.2
48 148.5 0.39
48 176 2.06
48 194.7 2.81
48 226 3.89
48 252.5 6.05
48 312.8 11.55
48 366 16.82
48 424.3 22.4
48 499.7 29.19
48 174.9 1.58
48 199 2.65
48 226.2 3.2
48 236.1 3.72
48 252.1 4.4
48 276.1 6.56
48 301.7 9.28
48 323.2 11.51
48 350.5 14.3
48 400.9 18.64
48 496.8 28.86
48 15 0.01
48 44.9 0.01
48 61.4 0.01
48 77.8 0.02
48 85.6 0.02
48 95.4 0.02
48 106.1 0.03
48 114.4 0.03
48 125.5 0.05
48 135.2 0.04
48 150.4 0.06
67 159 0.38
67 115.7 0.12
67 124.8 0.25
67 143.7 0.43
67 197.3 1.34
67 255.6 4.64
67 343.3 11.27
67 361.1 12.09
67 405.3 17.07
67 450.3 22.67
67 496 26.74
68 234.9 2.42
68 253.2 3.57
68 277 6.14
68 301.7 8.42
68 326.3 9.71
68 349.3 10.92
68 400.9 15.8
68 464 24.34
68 4.6 0.01
68 14.9 0.01
68 60.1 0.01
68 75 0.01
68 125.8 0.04
68 135 0.2
68 149.2 0.38
68 159.5 0.57
68 200.4 0.69
169 179.4 0.04
169 193.4 1.41
169 245.6 4.69
169 279.5 6.54
169 299.4 7.57
169 343.1 11.52
169 384.1 14.3
169 446.7 20.09
170 210.4 2.57
170 226.3 3.68
170 235.5 4.3
170 250.1 5.33
170 300.3 8.81
170 324.7 11.08
170 349.1 12.73
170 400 15.16
170 5.1 0.01
170 59.7 0.01
170 75.4 0.01
170 105.1 0.01
170 125.3 0.11
170 136.6 0.21
170 150.6 0.36
170 157.4 0.41
170 175.1 0.62
170 185.2 1.31
170 201.4 1.75
205 4.4 0.01
205 155.8 1.12
206 5.4 0.01
206 24 0.01
206 119.5 0.02
206 164 1.08
206 172.9 1.45
206 199.6 2.99
206 242.2 4.6
206 308.6 9.7
206 371 13.18
206 440.8 18.98
206 488 24.26
206 200.4 1.76
206 210.8 2.24
206 223.9 2.76
206 236.7 3.35
206 247.9 3.69
206 283.2 5.01
206 301.2 6.01
206 323.1 8.59
206 349.1 10.55
206 401.4 13.96
206 498.4 25.49
206 34.2 0.01
206 115.3 0.01
206 124.2 0.07
206 134.4 0.32
206 149.6 0.95
206 175 1.89
206 201.3 3.06
241 120.2 0.89
241 5 0.01
241 64 0.01
241 76.2 0.01
241 115.3 0.04
241 133.5 0.92
241 165.5 1.66
241 208.9 1.68
241 230.8 5.26
241 312.9 10.14
241 347.7 12.74
241 369.2 14.13
241 425.8 19.73
241 499.5 26.73
242 210.3 3.57
242 223.7 5.59
242 234.9 6.2
242 249.2 6.87
242 275 8.38
242 299.7 9.59
242 325.4 11.68
242 350 13.72
242 400.5 16.35
242 44.6 0.01
242 59.6 0.01
242 75.9 0.02
242 85 0.03
242 94.4 0.02
242 105.5 0.1
242 115 0.76
242 125.1 1.24
242 135.4 1.85
242 150.4 1.91
242 175.6 2.73
242 200.7 1.45
266 10.1 0.01
266 39.1 0.01
266 118.1 0.21
266 134.1 0.44
266 148.7 0.76
266 181.5 1.51
266 200 1.97
266 251.9 4.95
266 289.1 8.15
266 328.5 12.92
266 342 14.64
266 369.1 16.11
266 425.9 18.77
266 224.6 2.54
266 234.4 2.98
266 249.2 4.16
266 275.3 5.91
266 302.4 9.04
266 326.9 12.82
266 351.9 15.12
266 402.4 18.15
266 5.4 0.01
266 25 0.01
266 35 0.01
266 44.6 0.01
266 59.9 0.02
266 75.2 0.03
266 84.9 0.02
266 95.1 0.02
266 105.2 0.03
266 115.6 0.04
266 124.1 0.22
266 135.5 0.39
266 149.6 0.42
266 174.4 0.87
266 200 1.49
287 4.8 0.01
287 60.2 0.01
287 70.9 0.02
287 120.1 0.22
287 150.7 0.81
287 177.2 1.21
287 199.8 2.01
287 225.3 3.11
287 269 4.39
287 300.7 7.06
287 360.2 12.98
287 398.1 17.8
287 453.5 23.79
288 225.2 3.14
288 235.3 3.7
288 250.3 3.89
288 274.8 5.1
288 299.4 7.37
288 325 9.13
288 349.7 12.21
288 400.9 19.06
288 34.3 0.01
288 44.6 0.01
288 59.5 0.01
288 74.5 0.01
288 84.2 0.02
288 94.7 0.01
288 104.7 0.01
288 115.3 0.03
288 124.7 0.25
288 134.8 0.52
288 149.5 0.75
288 174.4 1.15
288 200.8 2.14
324 224.2 3.84
324 234.4 4.4
324 250.7 5.14
324 275.7 6.58
324 301.1 9.03
324 325.9 12.42
324 351.6 14.81
324 400.8 18.89
324 102.3 0.02
324 115.7 0.14
324 125.2 0.22
324 135.4 0.29
324 150.6 0.96
324 173 1.66
325 4.7 0.01
325 49.5 0.01
325 103.8 0.01
325 109.5 0.04
325 117.7 0.08
325 136.4 0.57
325 160.4 0.58
325 234.9 5.69
325 316 10.9
325 366.6 16.24
325 415 21.13
325 482.4 29.35
36 249.6 8.83
36 49.8 0.01
36 74.2 0.01
36 118.8 0.02
36 129.6 0.05
36 159 1.19
36 193.9 2.7
36 210.2 2.64
36 262.1 8.64
36 311.8 13.81
36 347.1 16.37
36 412.3 20.94
36 477.9 26.38
36 497.7 28.02
37 209.6 3.96
37 225 4.54
37 234.3 4.91
37 249.5 7.36
37 274.3 11.68
37 299.3 13.51
37 325 15.04
37 350 17.02
37 400.2 19.87
37 495.3 27.83
37 14.9 0.01
37 23.2 0.01
37 34.1 0.01
37 59.8 0.01
37 74.9 0.02
37 84.8 0.01
37 113.5 0.05
37 123.8 0.27
37 133.6 0.26
37 149.8 0.31
37 160.2 0.83
37 175.1 3.04
37 184.4 3.12
37 199.5 3.25
39 124.5 0.1
39 150 0.72
39 175.5 2.76
39 199.4 2.76
39 225.2 3.61
39 250.9 5.67
62 101.3 0.92
63 53.2 0.01
63 75.9 0.01
63 90.4 0.02
63 140.1 0.96
63 197 4.47
63 215.4 4.97
63 291.8 14.05
63 304.9 14.87
63 344.1 15.9
63 359.2 16.11
63 399.7 21.99
63 209.8 5.06
63 225.6 6.08
63 234 6.56
63 275 11.07
63 299 14.94
63 325.3 16.08
63 349.7 16.65
63 404.2 21.17
63 25.5 0.01
63 57.9 0.01
63 78 0.02
63 85.2 0.07
63 96 0.38
63 106.3 1.3
63 111.9 0.92
63 123.6 1.63
63 134.2 1.15
63 149.2 1.18
63 174.9 2.4
63 200 3.47
97 99 0.01
97 115.1 0.01
97 124.3 0.01
97 149.5 0.2
97 174.4 0.78
97 199.5 1.55
97 250 3.12
97 299.9 7.34
97 200.2 1.04
97 249.6 3.56
97 301.1 6.88
97 349.2 14.18
97 401 16.83
97 451.2 18.6
97 179.5 0.59
97 199.9 0.93
97 224.2 1.71
97 300.5 5.81
97 349.5 13.32
97 355.8 14.36
97 370.5 14.08
97 382.7 16.12
97 445 19.55
97 194.6 1.05
126 99.5 0.24
127 122.1 0.61
126 166.7 0.57
126 200.4 0.97
126 222.3 1.39
126 259.6 4.62
126 341.3 11.4
126 384.7 14.72
126 398.4 15.14
126 450.3 19.26
127 209.6 2.23
127 223.8 2.99
127 234.2 3.48
127 249.2 4.5
127 273.7 6.35
127 300.3 8.8
127 323.9 11.59
127 349.4 13.79
127 399.8 15.73
127 499.3 25.67
127 5 0.01
127 24.7 0.01
127 34.3 0.02
127 59.5 0.01
127 75.6 0.02
127 84.3 0.03
127 95.2 0.03
127 104.8 0.04
127 115 0.08
127 124.3 0.29
127 135.3 0.43
127 149.8 0.53
127 159.4 0.81
127 174.7 1.23
127 184.9 1.61
127 200.4 2.08
127 210.5 2.36
211 224.8 2.92
211 234 4.11
211 249.7 5.79
211 274.7 8
211 299.5 8.69
211 325 9.5
211 350.6 11.6
211 400.8 14.69
211 498.9 25.74
211 14.7 0.01
211 74.9 0.01
211 85 0.01
211 104.7 0.01
211 114.6 0.01
211 124.5 0.01
211 133.8 0.1
211 149.5 0.76
211 174.3 1.32
211 201 2.01
212 4.2 0.01
212 48.4 0.01
212 63 0.02
212 90 0.01
212 110.7 0.01
212 161.3 1.06
212 180 1.25
212 253.6 5.24
212 299.2 8.51
212 349.4 11.49
212 403 14.25
212 458.1 20.37
213 4.5 0.01
213 129.5 0.82
239 4.9 0.01
239 106.4 0.09
240 43.1 0.01
240 98.7 0.02
240 136.5 1.52
240 218.8 5.07
240 308.3 11.69
240 350.8 15.65
240 413.8 22.21
240 476.9 28.57
240 210.1 3.57
240 224.9 4.53
240 235.6 4.92
240 250.6 6.02
240 275.4 7.96
240 300.9 9.41
240 324.3 10.39
240 353 12.74
240 400.4 16.48
240 4.7 0.01
240 44.3 0.01
240 60.3 0.01
240 74.4 0.02
240 84.3 0.01
240 94.7 0.01
240 100.2 0.01
240 105.2 0.02
240 114.8 0.27
240 124.8 0.67
240 135.4 1.03
240 149.6 1.85
240 160 1.86
240 173.3 2.1
240 184.8 2.69
240 201 3.18
269 4.9 0.01
269 119.9 0.76
269 499.5 28.22
270 4.4 0.02
270 27.4 0.02
270 42.5 0.03
270 49 0.02
270 70.2 0.02
270 87.6 0.02
270 110.5 1.37
270 196.6 3.93
270 249 7.34
270 290.2 10.12
270 348.6 13.61
270 396.2 19.33
270 471.1 25.98
270 475.2 26.87
270 4.8 0.01
270 14.7 0.01
270 24.5 0.01
270 44.3 0.01
270 73.9 0.02
270 124.8 0.1
270 173.6 1.48
270 199.9 1.82
270 210.3 2.37
270 224.4 3.7
270 233.4 4.83
270 248.7 6.06
270 272.5 8.03
270 299.6 10.2
270 324 11.51
270 349.1 13.78
270 399.7 18.65
270 5 0.01
270 14.1 0.01
270 24.8 0.01
270 60.4 0.04
270 74.5 0.03
270 104.1 0.01
270 124 0.29
270 134.1 0.55
270 149.1 1.49
270 160.5 1.39
270 174.4 1.61
270 185.1 1.69
270 200.5 1.86
299 104.9 0.01
299 113.8 0.01
299 139.6 0.76
299 165.8 1.14
299 227.5 5.34
299 311 9.7
299 363.1 14.2
299 400.6 17.63
299 425.4 20.38
300 199.4 3.9
300 224.9 5.73
300 250.5 6.91
300 275.2 7.78
300 299.4 9.19
300 325.5 10.95
300 349 12.99
300 400.2 15.95
300 13.6 0.01
300 44.3 0.03
300 59.4 0.02
300 75 0.02
300 84.9 0.02
300 104.1 0.02
300 114.9 0.01
300 124.8 0.01
300 134.7 0.4
300 149.1 0.02
300 158.3 0.83
300 174.3 0.97
300 185 1.68
300 199.6 4.16
320 133 1.47
320 77.6 0.01
320 95 0.27
320 125.1 0.79
320 200.7 2.71
320 230.5 4.62
320 297.9 9.94
320 344 13.73
320 400.9 17.51
320 427.5 20.71
320 488.5 27.86
321 225.3 5.68
321 234.9 5.87
321 249.7 6.46
321 274.4 7.65
321 300.3 9.09
321 324 11.17
321 349.6 14.65
321 400.3 19
321 480.6 27.27
321 14.1 0.01
321 24 0.01
321 34.5 0.01
321 44.3 0.02
321 60.9 0.02
321 74.5 0.02
321 85.5 0.01
321 94.1 0.02
321 104.3 0.48
321 114.3 1.01
321 125 1.22
321 134.5 1.41
321 149.9 1.69
321 175.1 2.41
321 200.8 3.75
16 149.6 1.21
16 494.5 27.46
16 91.3 0.02
16 114.8 0.76
16 155.3 1.47
16 174.3 1.91
16 250.3 5.16
16 319.6 11.85
16 356.3 15.27
16 475.1 28
16 499.8 29.79
17 209.6 2.74
17 224.5 3.52
17 234.5 4.14
17 250.3 5.24
17 274.8 7.42
17 299.7 11.39
17 325.1 12.7
17 350.3 14.22
17 398.9 20.89
17 499.9 30.74
17 4.6 0.01
17 14.5 0.01
17 24.9 0.03
17 34.8 0.02
17 44.8 0.01
17 59.6 0.01
17 104.4 0.07
17 114.4 0.36
17 124.8 0.72
17 134.9 0.91
17 149.5 1.13
17 160 1.48
17 174.4 1.79
17 184.4 2.11
17 200.3 2.6
86 299.8 12.62
86 8.9 0.01
86 68.7 0.01
86 95 0.04
86 154.5 2.27
86 200 3.97
86 233.4 6.76
86 265.3 10.43
86 306.7 12.54
86 349.2 15.01
86 407.4 20.57
86 438.7 23.42
86 474 27.15
87 208.1 5.86
87 225 7.2
87 234.3 7.63
87 249.3 9.07
87 299.2 13.01
87 323.1 14.82
87 349.8 16.55
87 399.8 20.93
87 499.5 31.32
87 13.1 0.02
87 24.4 0.03
87 34 0.01
87 72.8 0.01
87 84.4 0.01
87 95.2 0.01
87 104.6 0.01
87 114.7 0.18
87 123.7 0.41
87 134 0.82
87 148.7 1.68
87 173 2.47
87 199.6 3.7
114 162.7 1.79
114 440.1 19.76
114 4.5 0.01
114 130.4 0.03
114 155.8 0.82
114 171.4 1.59
114 255.9 5.03
114 341.9 13.42
114 377.3 14.87
114 400.1 17.43
114 440.8 20
114 463.3 22.42
115 225 3.34
115 234.2 3.44
115 249.4 5.62
115 274.1 7.94
115 301.5 10.79
115 325 12.4
115 349.8 14.58
115 400.1 19.56
115 4.6 0.02
115 23.6 0.01
115 34.3 0.01
115 44.1 0.01
115 59 0.01
115 74.1 0.02
115 94.2 0.01
115 104.1 0.02
115 114.8 0.08
115 123.9 0.08
115 134.5 0.07
115 150.5 0.25
115 174.5 1.1
115 200.8 1.69
143 125.4 0.55
143 210.1 2.08
143 225.3 2.93
143 236.2 3
143 249.6 3.56
143 275.7 6.68
143 301.2 7.97
143 324.8 10.82
143 350.6 14.65
143 400.9 17.49
143 499.3 28.86
143 44.5 0.01
143 61.1 0.04
143 75.1 0.04
143 85 0.01
143 94.3 0.03
143 105.1 0.02
143 116.3 0.02
143 125 0.04
143 134.8 0.65
143 149 0.96
143 175.1 1.06
143 202.1 0.99
144 21 0.01
144 43.7 0.01
144 94.5 0.08
144 101.3 0.19
144 119.9 0.22
144 158.9 0.97
144 231.9 4.26
144 335.1 11.2
144 375 15.24
144 427.6 20.59
177 184 0.75
177 60.3 0.01
177 80.4 0.02
177 90.1 0.01
177 131.1 0.01
177 159.9 0.46
177 203.8 1.49
177 263 4.22
177 299 7.35
177 338.8 10.61
177 391.3 14.79
177 429.8 19.12
177 488 26.49
177 492.4 26.94
178 210 1.52
178 225 2.21
178 234.8 2.69
178 250.2 3.55
178 275.2 5.38
178 300.5 7.36
178 326.5 9.59
178 351.4 11.96
178 401.4 15.99
178 4 0.02
178 14.7 0.02
178 74.4 0.01
178 84.5 0.01
178 104.7 0.03
178 114.5 0.03
178 124.1 0.08
178 134 0.18
178 150 0.37
178 159 0.5
178 174.6 0.63
178 184.6 0.64
178 200.9 1.24
208 55 0.01
208 134.4 0.29
208 173.9 1.23
208 185.7 1.52
208 208 2.57
208 258.1 4.43
208 299.6 7.78
208 340.8 10.89
208 394.3 18.01
208 434.2 19.54
208 499.8 27.28
209 9.5 0.02
209 140.3 0.63
209 209.6 2.38
209 224.9 2.58
209 234.7 2.7
209 249.9 4.02
209 274.6 5.28
209 300.4 6.62
209 325.5 8.15
209 350.9 10.88
209 399.7 16.31
209 4.5 0.01
209 14.4 0.01
209 44.6 0.02
209 58.9 0.02
209 74.8 0.02
209 84.5 0.03
209 95.1 0.02
209 113.7 0.03
209 124.2 0.21
209 134.2 0.35
209 150.2 0.49
209 174.3 1.54
209 199.9 1.88
233 149.6 0.96
233 460.7 20.38
233 51.1 0.01
233 128.4 0.45
233 147.8 0.8
233 190.2 1.74
233 272.1 5.05
233 355.8 11.92
233 406.2 15.33
233 454.6 21.43
233 481.1 25.11
234 224.4 2.89
234 234.4 3.63
234 249 5.24
234 274.7 7.29
234 299.2 8.54
234 324.6 10.37
234 350.1 12.09
234 399.9 15.54
234 74.5 0.01
234 114.2 0.01
234 125.3 0.43
234 135.7 0.6
234 150.4 0.88
234 176 1.42
234 199.8 1.9
275 24.9 0.01
275 54.4 0.01
275 70 0.01
275 85.5 0.01
275 109.8 0.01
275 115.2 0.02
275 169.4 1.83
275 258.5 4.29
275 344.1 11.55
275 385.1 14.98
275 443.3 19.89
276 210.2 3.18
276 223.6 4.66
276 233.3 5.64
276 249 6.63
276 274.8 8.63
276 299 10.36
276 324.7 11.02
276 349.9 12.53
276 398.8 15.85
276 499.7 26.41
276 34.9 0.01
276 43.6 0.01
276 59.6 0.01
276 73.8 0.01
276 103.7 0.01
276 115.3 0.2
276 124.3 0.37
276 134.8 0.07
276 148.7 0.58
276 159.4 1.3
276 175.1 1.61
276 183.8 2.12
276 199.9 2.13
304 130.3 1.75
304 200.1 4.83
304 250.2 8.22
304 304.4 12.79
304 334.6 13.81
304 350.4 16.89
304 400 20.26
304 460.2 25.56
304 473.5 27.2
304 80.2 0.01
304 188.6 2.26
304 209.8 2.91
304 224.3 4.18
304 234 4.61
304 249.6 5.81
304 274.6 7.08
304 299.5 9.96
304 323 11.71
304 349.4 13.28
304 400.2 18.43
304 499.5 28.31
304 4.3 0.01
304 43.7 0.01
304 104.4 0.04
304 114.2 0.27
304 123.8 0.68
304 135.2 1.15
304 149.7 1.64
304 175.2 2.14
304 201.3 2.75
304 449.6 24.03
345 110.2 0.03
345 99.9 0.07
345 114 0.26
345 128.4 0.96
345 227.8 5.09
345 312.7 10.81
345 374.4 15.05
345 399.4 17.29
345 428.2 20.36
345 494.6 26.56
346 224.6 4.28
346 234.4 4.67
346 249 5.42
346 276.4 7.46
346 303.5 9.62
346 328.7 11.53
346 351.5 14.07
346 401.7 17.92
346 14.6 0.01
346 24.2 0.02
346 35 0.04
346 44.5 0.03
346 59.5 0.04
346 74.2 0.02
346 83.9 0.04
346 95.7 0.01
346 105.1 0.02
346 114.6 0.27
346 125 0.33
346 135.4 0.59
346 149.4 1.18
346 174.7 2.5
346 199.9 3.68
7 143.7 1.12
7 57.4 0.01
7 100.8 0.92
7 152.6 2.18
7 224.6 4.8
7 263.1 5.87
7 303 8.85
7 320.7 10.65
7 362.9 13.35
7 380.2 15.14
7 426.5 19.83
7 498.3 27.17
8 120.1 0.93
8 235.3 4.72
8 250 6.1
8 274.4 7.12
8 299.9 9.69
8 325.8 11.56
8 350 13.28
8 400.2 17.01
8 499.1 25.28
8 14.2 0.01
8 75 0.01
8 84.8 0.15
8 94.4 0.18
8 104.5 0.38
8 114.1 0.68
8 124.9 0.9
8 134.9 1.11
8 149.9 1.37
8 175 2.1
8 199.8 2.93
48 214.4 1.08
48 4 0.01
48 110.8 0.04
48 175.4 0.45
48 203.7 1.77
48 224.1 2.4
48 275.1 6.74
48 284.6 6.92
48 340.2 10.87
48 363.7 12.71
48 384.1 15.24
48 436.2 19.5
48 449.9 20.74
48 499.7 26.04
49 4.4 0.01
49 200.2 0.99
49 225.8 1.88
49 234.6 2.1
49 251 2.72
49 274.5 4.59
49 299.6 6.47
49 324.2 8.61
49 350.5 10.09
49 401.7 17.14
49 15.2 0.01
49 24.5 0.01
49 44.4 0.01
49 60.1 0.03
49 74.5 0.03
49 84.4 0.03
49 94.2 0.03
49 104.7 0.05
49 114.4 0.06
49 124.5 0.09
49 135.8 0.12
49 150 0.18
49 174.1 0.45
49 200.6 1.36
70 73 0.01
70 74.8 0.01
70 86.8 0.02
70 119.7 0.28
70 156.5 1.87
70 227.1 4.31
70 314.3 11.91
70 356.6 15
70 398.6 18.88
70 428.2 20.87
71 210 4.13
71 225.1 5.7
71 234.4 6.05
71 249.2 7.06
71 275.9 9.48
71 299.6 11.85
71 326.1 15.44
71 349.3 13.96
71 398.9 19.83
71 499.7 28.86
71 35.5 0.02
71 44.6 0.02
71 59.9 0.01
71 75.2 0.02
71 85.5 0.02
71 95 0.02
71 105 0.05
71 115.4 0.09
71 124.2 0.2
71 134.9 0.57
71 150.2 1.19
71 174.6 2.65
71 201.2 3.35
98 49.9 0.01
98 77.7 0.18
98 129.1 2.35
98 149.5 3.44
98 190 5.84
98 226 8.3
98 269.5 12.66
98 323.5 15.7
98 359.3 18.54
98 400.4 21.75
98 441.1 24.32
98 477.3 27.78
99 224.1 7.35
99 234.8 7.78
99 249.6 8.53
99 274.5 9.4
99 300 12.89
99 325.3 13.74
99 351 16.16
99 399.6 19.65
99 5.1 0.01
99 25.4 0.01
99 44.3 0.02
99 60.1 0.01
99 75 0.38
99 85.1 0.7
99 95 1.55
99 105.1 1.71
99 115.1 2.52
99 125 2.86
99 134.8 3.23
99 149.9 3.98
99 175.1 5.16
99 200.1 6.37
126 150.4 0.64
126 4.4 0.01
126 56 0.01
126 104.9 0.03
126 137 0.26
126 146.7 0.32
126 200.8 2.22
126 263.8 6.17
126 301.4 10.57
126 344.2 11.94
126 391.2 16.48
126 400.6 16.45
126 458.4 21.3
127 225.4 2.59
127 234.3 2.8
127 249 3.64
127 274.5 5.71
127 300.5 10.05
127 323.2 11.74
127 349.5 14.51
127 397.3 17.15
127 498.2 26.5
127 4.2 0.01
127 14.7 0.01
127 25 0.02
127 34.6 0.02
127 59.9 0.02
127 74.6 0.01
127 85 0.01
127 95.1 0.02
127 104.5 0.02
127 115.3 0.02
127 124.6 0.02
127 134.4 0.08
127 149.1 0.47
127 174.1 0.94
127 199.8 1.86
154 5.3 0.02
154 144.9 1.01
154 475.9 22.7
154 130.8 0.75
154 143.8 1.3
154 193.1 2.44
154 241.6 5.59
154 323.3 10.89
154 382.3 14.5
154 409.7 16.54
154 447.2 19.56
154 495.6 24.68
155 225.2 4.27
155 235.1 4.5
155 249.2 4.86
155 273.2 5.86
155 300.3 7.01
155 325.2 8.83
155 350.7 10.61
155 400.6 14.69
155 499.5 25.64
155 15.3 0.01
155 45.6 0.01
155 94.9 0.01
155 104.6 0.01
155 114.6 0.01
155 124.6 0.14
155 134.8 0.76
155 149.3 1.24
155 175 1.8
155 199.9 2.77
189 162.2 0.56
189 74.7 0.01
189 90.2 0.01
189 119.4 0.02
189 185 1.54
189 205.3 2.12
189 260.5 5.52
189 341.3 11.6
189 375.5 15.32
189 382.7 15.74
189 410.5 17.2
189 442.8 20.9
190 225.6 2.61
190 235.4 3.28
190 251.4 4.59
190 273.1 6.4
190 299.3 8.54
190 325.3 10.93
190 344.4 13.32
190 399.4 18.18
190 59.4 0.01
190 75.3 0.01
190 84 0.01
190 94.3 0.01
190 104.3 0.02
190 115 0.03
190 124.3 0.21
190 134.5 0.34
190 150.1 0.55
190 174.2 1.37
190 200.3 2.37
214 225 2.88
214 233.5 3.13
214 248.9 3.77
214 273.8 5.3
214 299.4 8.43
214 325.2 10.46
214 349.9 12.99
214 402.4 16.55
214 4.6 0.02
214 14.3 0.01
214 24.9 0.01
214 35.3 0.01
214 59.9 0.02
214 77.3 0.02
214 85.1 0.01
214 94.7 0.02
214 101.7 0.03
214 114.3 0.15
214 124.7 0.4
214 134.1 0.53
214 149.5 1.16
214 175 1.67
214 199.6 2.52
215 51.3 0.03
215 90.4 0.01
215 141.6 0.19
215 190.5 1.9
215 227.7 2.59
215 275.3 4.85
215 329.9 11.05
215 368.7 15.15
215 428.8 19.96
268 209.3 2.03
268 224.9 3.15
268 232.9 3.43
268 249.9 4.47
268 273.6 6.13
268 299.6 7.23
268 323.7 10.37
268 349.9 14.78
268 399.7 19.5
268 498.9 28.48
268 14 0.01
268 75.5 0.01
268 93.9 0.01
268 104.6 0.01
268 125 0.03
268 149.6 0.44
268 174.3 1.4
268 198.4 1.08
268 161.2 0.82
268 179 1.54
268 204.6 2.04
268 273.9 5.27
268 297.3 6.95
268 350.4 13.92
268 390.7 17.56
268 441 21.51
339 211.7 3.1
339 224.2 3.84
339 232.9 4.18
339 249.6 5.72
339 273.5 8.3
339 299.4 11.59
339 325 14.18
339 350 15.67
339 399.6 21.35
339 498.1 28.27
339 14.6 0.01
339 25.3 0.01
339 33.2 0.01
339 43.6 0.01
339 59.4 0.01
339 73.8 0.02
339 84.5 0.02
339 95.3 0.02
339 106.7 0.03
339 115.2 0.02
339 124.5 0.13
339 134 0.22
339 148.7 0.63
339 159.4 1.14
339 173.6 2
339 185.2 2.37
339 200.3 2.87
340 110.5 0.01
340 120.3 0.14
340 130.6 0.19
340 180 1.94
340 253.5 5.55
340 356.8 15.8
340 399.3 21.25
340 419.2 22.97
340 493.5 27.35
10 103.4 0.04
10 145.3 0.95
10 170 1.94
10 210.4 3.54
10 259.7 7.22
10 305 10.57
10 356.7 14.97
10 413.1 20.77
10 430.7 22.1
10 487.4 28.57
11 223.4 4.33
11 236.7 4.71
11 248.7 5.02
11 274.2 6.41
11 299.4 8.67
11 325.9 9.49
11 348.7 12.13
11 400.9 15.33
11 498.8 27.04
11 24.6 0.01
11 34.6 0.02
11 43.6 0.02
11 59.1 0.03
11 75.3 0.03
11 84.9 0.03
11 94.8 0.15
11 104.3 0.24
11 114.7 0.44
11 124.4 0.57
11 134.7 0.94
11 149.4 1.29
11 173.6 2.47
11 201.8 3.58
49 94 0.03
49 144.5 1.48
49 199.1 2.59
49 232.3 4.39
49 308.3 10.22
49 352.3 14.05
49 421.7 19.84
49 450.6 24.56
49 496.1 29.17
50 224.5 6.16
50 234.3 6.41
50 249.4 7.83
50 275.2 10.05
50 299.2 11.53
50 323.4 13.48
50 349.8 15.6
50 399.8 18.6
50 499.9 30.88
50 24.5 0.01
50 34.9 0.01
50 44.6 0.01
50 59.5 0.01
50 74 0.02
50 84.6 0.06
50 94.5 0.24
50 105.2 0.48
50 116.1 0.88
50 125.8 1.02
50 135 1.17
50 149 1.54
50 174.2 2.18
50 199.8 2.84
76 110.7 0.13
76 124.2 0.11
76 175 2.3
76 249 4.97
76 305.3 11.01
76 344.7 14.19
76 370.2 16.44
76 412.6 19.63
76 479.2 26.65
77 208.7 3.1
77 225.3 4.43
77 236 5.45
77 248.4 6.27
77 272.9 8.39
77 299.9 9.91
77 329.2 11.88
77 352.3 13.47
77 400.8 20
77 499.6 30.12
77 74.6 0.01
77 85 0.01
77 94.5 0.02
77 105.1 0.08
77 114.7 0.23
77 124.6 0.2
77 134.1 0.25
77 149.3 0.26
77 174.8 1.81
77 200.8 2.83
104 97.3 0.01
104 120.2 0.27
104 181.6 1.94
104 247.8 5.2
104 278.7 6.76
104 323.2 11.01
104 351.6 15.37
104 412.8 21.22
104 451.7 24.7
104 490.4 28.67
104 401.7 23.06
105 213.8 3.22
105 223.6 3.81
105 235.9 4.85
105 250.6 5.75
105 275.9 6.88
105 297.6 8.77
105 325.4 11.57
105 347.4 12.48
105 401 18.69
105 14.1 0.01
105 25.1 0.01
105 45.5 0.01
105 60.3 0.01
105 74.3 0.01
105 84.6 0.01
105 114.2 0.1
105 124.9 0.06
105 148.8 0.12
105 177.1 0.21
105 205.1 2.35
132 92.5 0.01
132 126.2 0.08
132 169 0.87
132 200 1.66
132 249.3 4.74
132 275.7 7.36
132 322.9 12.68
132 372.7 17.14
132 487.2 28.94
133 225.4 2.06
133 236.6 2.53
133 252.8 3.34
133 277.4 5.61
133 298.7 7.23
133 327.3 9.51
133 352.7 11.53
133 404.8 17.67
133 499.3 27.57
133 35.1 0.01
133 59.8 0.01
133 74.6 0.01
133 85.8 0.01
133 94.7 0.01
133 104.8 0.02
133 115.4 0.02
133 125.2 0.06
133 134.1 0.4
133 151 0.86
133 174.8 1.41
133 201.9 2.02
167 5 0.01
167 77.1 0.01
167 479.1 27.05
168 5.2 0.01
168 174.8 1.43
168 243.9 4.37
168 322.9 10.64
168 362.3 14.6
168 400.3 18.51
168 423.8 19.72
168 449.8 22.68
168 489.6 27.29
168 105.4 0.01
168 115.9 0.01
168 125.8 0.1
168 135.5 0.56
168 150.4 0.85
168 160 1.03
168 202.1 1.9
168 225.7 2.19
168 235.7 3.05
168 250.4 4.79
168 274.8 8.25
168 299.8 9.33
168 325.5 11.4
168 351.5 13.89
168 399.2 19.37
196 464.6 25.87
196 55.5 0.01
196 129.5 0.91
196 208.6 3.53
196 305 10.42
196 354.9 15.04
196 402.2 19.33
196 429.8 22.76
196 474.9 27.07
196 5.6 0.01
196 61.1 0.01
196 75.6 0.01
196 84.8 0.02
196 95.7 0.01
196 105.4 0.02
196 114.9 0.02
196 125.4 0.21
196 135.6 0.65
196 150.8 1.13
196 174.5 1.91
196 200.6 2.51
196 210.2 4.17
196 224.9 3.76
196 234.6 4.57
196 249.7 6.32
196 275.4 8.73
196 300.3 10.13
196 324.9 12.38
196 350.3 14.94
196 400.4 18.59
222 210.5 1.92
222 225.3 3.09
222 235.3 3.88
222 250 5.39
222 275.4 7.12
222 300.4 10.09
222 324.9 11.94
222 350.2 12.17
222 401.1 17.14
222 15.1 0.01
222 25.8 0.01
222 46.1 0.01
222 105.6 0.1
222 114.7 0.22
222 125.4 0.57
222 136.3 0.74
222 150.2 0.53
222 176 1.81
222 199.7 2.22
223 43.1 0.01
223 90.3 0.01
223 150.6 0.83
223 155.9 1.28
223 216.4 3.49
223 311.9 11.62
223 348.2 13.9
223 411.6 19.9
223 450.3 23.19
223 478.1 27.29
271 210 1.88
271 225.4 2.36
271 234.7 2.6
271 250.3 3.45
271 275.5 5.28
271 300.8 7.23
271 325.6 9.57
271 351.5 11.7
271 399.6 15.79
271 5 0.01
271 25.9 0.01
271 35.8 0.01
271 45.7 0.03
271 59.8 0.02
271 75 0.02
271 85.8 0.01
271 115.5 0.01
271 125.7 0.12
271 135.3 0.34
271 149.9 0.73
271 175.5 1.26
271 200.7 1.48
272 122.3 0.01
272 181.9 1.39
272 278.2 4.25
272 310.2 6.75
272 411.1 13.87
272 466.5 20.78
291 60.9 0.01
291 146 0.1
291 149.6 0.14
291 334.1 13.06
291 373.7 15.63
291 433.4 22.6
291 480.2 28.93
292 210.4 1.93
292 224.4 2.38
292 235 3.77
292 250.2 4.45
292 274.9 5.91
292 301.1 8.98
292 324.8 9.98
292 350.4 12.86
292 398.8 17.48
292 35 0.01
292 115 0.01
292 125.7 0.11
292 134.9 0.4
292 149.9 0.36
292 175.2 0.84
292 200.2 1.97
314 104.4 0.01
314 141.5 0.63
314 191.3 2.36
314 289.9 10.64
314 346.1 15.64
314 391.9 19.86
314 425.3 22.77
314 464.9 27.09
315 211.1 5.51
315 226.1 6.34
315 233.7 7.17
315 250.5 8.01
315 274.8 9.9
315 299.7 12.07
315 325.8 15
315 351.1 18.02
315 400.1 21.16
315 85.6 0.01
315 105.3 0.03
315 115.5 0.17
315 125.5 0.37
315 135.4 0.84
315 150.7 1.44
315 175.4 2.55
315 201.3 4.28
342 477.6 23
342 5.2 0.02
342 50.7 0.01
342 136.2 0.31
342 154.1 0.74
342 189.9 1.17
342 230.6 1.55
342 269.4 2.02
342 309.8 4.44
342 341.3 8.26
342 375.1 11.66
342 416.3 15.96
342 460.5 22.1
343 214 1.4
343 226.1 1.49
343 235.5 1.55
343 251 1.89
343 274.9 2.98
343 299.5 4.03
343 325.5 6.94
343 350.8 10.06
343 399.8 15.91
343 25.7 0.01
343 45.8 0.01
343 75.6 0.01
343 115 0.01
343 126.3 0.17
343 136.7 0.39
343 150.9 0.8
343 175.5 1.13
343 200.2 1.44
12 51 0.01
12 101.5 0.01
12 165.7 0.52
12 202.3 1.61
12 262.5 4.21
12 291.1 6.79
12 331.5 10.68
12 381.3 14.99
12 439.3 21.25
12 475.6 24.34
13 210.6 2.84
13 225.6 3.02
13 234.6 3.58
13 250.4 3.9
13 274.9 5.15
13 300.5 6.98
13 326 9.79
13 350.6 11.83
13 401 16.51
13 499.9 24.44
13 24.9 0.01
13 35.8 0.02
13 44.9 0.01
13 59.5 0.01
13 74.6 0.01
13 84.8 0.03
13 94.9 0.03
13 105.4 0.04
13 114.4 0.06
13 125.6 0.14
13 133.6 0.2
13 150 0.56
13 175.6 1.32
13 199.7 1.77
48 121.7 0.05
48 168.8 2.16
48 201.4 3.55
48 243.7 4.75
48 292.3 7.67
48 331.9 11.74
48 382.1 15.33
48 410.7 17.84
48 438.3 20.22
49 210.6 2.29
49 225.5 2.86
49 235.6 3.16
49 252 3.45
49 275.5 4.19
49 302 4.97
49 325.6 7.92
49 350.9 9.89
49 401.3 15.57
49 35.2 0.01
49 45.5 0.01
49 115.9 0.08
49 126 0.05
49 135.5 0.21
49 150.8 1.18
49 175.6 2.02
49 201.1 2.5
75 93.4 0.02
75 179.9 2.22
75 239.1 4.15
75 290.8 9.21
75 323.1 13.16
75 359.4 16.79
75 420.7 21.31
75 460.6 24.24
76 209.7 2.15
76 225.1 2.41
76 235.8 2.8
76 251.9 3.67
76 276.9 6.02
76 302 8.82
76 326.2 12.37
76 350.3 15.39
76 402.1 18.77
76 5.3 0.01
76 15.7 0.02
76 25.7 0.03
76 33.8 0.02
76 45.4 0.02
76 60.7 0.03
76 75.3 0.04
76 85.8 0.03
76 94.1 0.02
76 105.5 0.02
76 115.1 0.03
76 125.6 0.14
76 135.8 0.2
76 150.6 0.45
76 176.3 1.78
76 203.1 2.3
103 4.8 0.02
103 40.5 0.01
103 121.8 0.01
103 159.4 0.01
103 220.1 1.61
103 255.7 4.23
103 300.8 6.94
103 350.4 10.28
103 398.5 14.87
103 438.8 18.03
103 469.4 20.59
104 179.9 0.04
104 209.4 0.24
104 225.2 0.5
104 235 1.48
104 249.7 2.37
104 274.4 4.63
104 299 6.49
104 324.5 8.74
104 350.7 10.48
104 4.7 0.01
104 14.9 0.02
104 25.1 0.01
104 35.4 0.01
104 45.3 0.01
104 75.1 0.01
104 85 0.01
104 95.4 0.01
104 104.2 0.01
104 114.2 0.01
104 124 0.01
104 135.6 0.02
104 149.4 0.05
104 174.5 0.13
104 199.1 0.36
104 399.1 14.6
104 499.4 25.14
129 12.7 0.01
129 100.6 0.04
129 135.1 1.68
129 165.6 3.55
129 197.4 5.45
129 295.9 10.75
129 332.6 13.07
129 367.8 15.32
129 423.7 20.48
129 459.7 23.76
130 209.6 6.27
130 226.7 6.66
130 236.8 6.92
130 251.5 7.5
130 275.9 10.35
130 301.9 12.2
130 327.3 14.33
130 355.7 15.66
130 402.4 18.97
130 499.9 26.34
130 34.9 0.01
130 44.8 0.01
130 59.7 0.02
130 75.7 0.01
130 85.8 0.02
130 95.3 0.02
130 104.6 0.13
130 114.7 0.21
130 124.9 0.28
130 135.2 0.72
130 150.1 2.04
130 177.2 4.02
130 197.8 5.19
194 55.2 0.01
194 116.1 0.01
194 167.9 0.03
194 205.2 0.52
194 247.7 2.33
194 297 4.58
194 320 5.97
194 366.9 10.49
194 399.3 13.29
194 433.7 15.14
195 209.4 0.05
195 224.3 0.1
195 234.8 0.33
195 248.5 1.28
195 274.4 3.53
195 298.7 4.92
195 324.1 5.59
195 349.7 8.01
195 399.7 12.66
195 499.8 21.23
195 4.3 0.01
195 14.6 0.01
195 33.8 0.01
195 73.9 0.01
195 84 0.01
195 95 0.01
195 104.6 0.03
195 113.8 0.11
195 124.2 0.37
195 134.3 0.51
195 149.5 0.23
195 174.2 0.06
195 200.5 0.04
225 4.6 0.03
225 64.4 0.01
225 99.4 0.06
225 196.3 5.05
225 271.2 15.71
225 308.7 16.23
225 359.2 20.67
225 403.1 24.25
225 479.1 30.5
225 484.7 30.91
226 210.4 5.15
226 223.8 5.76
226 234.8 6.83
226 250.2 9.8
226 274.5 11.64
226 299.3 15.5
226 324.5 16.45
226 349.9 16.4
226 499.9 27.8
226 44.4 0.01
226 60 0.01
226 75 0.02
226 84.2 0.03
226 94.7 0.03
226 104.7 0.22
226 114.6 1.4
226 124.5 1.45
226 134.6 2.63
226 149.7 4.08
226 174.6 4.22
226 201.3 4.75
287 137 0.47
287 195.7 1.98
287 224.8 3.57
287 269.9 4.44
287 299.9 6.83
287 339 10.2
287 399.8 17.13
287 454.3 21.48
288 210.3 2.45
288 224.7 2.78
288 235.3 3.13
288 249.6 3.34
288 274.1 4.7
288 299.8 6.03
288 324.7 9.33
288 349.3 10.32
288 398.2 17.71
288 5 0.01
288 15.1 0.01
288 24.6 0.01
288 34.9 0.04
288 44.2 0.03
288 59.4 0.02
288 74.1 0.03
288 84.5 0.03
288 94.5 0.02
288 105.3 0.01
288 114.5 0.05
288 123.8 0.01
288 134.2 0.29
288 149.7 1.01
288 174.9 1.58
288 200 1.88
312 4.8 0.03
312 115.6 0.57
312 165.2 1.75
312 191.9 3.3
312 218.2 4.42
312 316.9 10.09
312 373.9 14.02
312 399.6 15.99
313 210.1 2.84
313 224.3 3.21
313 234.2 3.46
313 249.1 4.5
313 273.5 5.73
313 298.5 7.12
313 323.7 9.32
313 349.7 11.04
313 400.1 14.27
313 5.3 0.07
313 45.1 0.01
313 60.1 0.01
313 84.4 0.01
313 94.5 0.47
313 104.1 0.85
313 114.5 1.07
313 124.4 1.36
313 135 1.58
313 150.1 1.75
313 174.7 2.49
313 199.5 3.46
348 3.9 0.01
348 44.8 0.02
348 89.7 0.02
348 125 1.02
348 171 2.36
348 200 3.13
348 224.5 4.91
348 268.8 8.7
348 316.1 9.96
348 372.9 15.64
348 400 17.83
348 434.7 20.85
348 498.1 26.67
349 208.8 4.41
349 224.7 5.26
349 235.2 5.96
349 249.4 8.02
349 275.4 9.52
349 300.7 10.18
349 325.7 12.28
349 350.3 14.09
349 400.2 17.79
349 14.9 0.01
349 34.5 0.02
349 44.8 0.01
349 59.6 0.02
349 74.5 0.02
349 84.3 0.03
349 93.8 0.03
349 104.6 0.12
349 114.3 0.23
349 124.8 0.44
349 135.3 1.15
349 149.6 1.6
349 174.6 2.72
349 200.4 3.57
33 499.6 27.62
33 110.6 0.35
33 148.3 1.69
33 179.7 3.2
33 219.7 5.17
33 259.7 8.23
33 309 10.84
33 344 12.56
33 379.4 16.24
33 415 18.7
33 440.8 20.84
34 209.3 4.55
34 224 5.56
34 234.3 6.02
34 250 6.98
34 274.4 9.29
34 300.4 11.2
34 324.3 12.52
34 349.4 14.28
34 399 18.62
34 499.8 26.71
34 44.7 0.01
34 59.7 0.01
34 104.5 0.01
34 124.3 0.5
34 150.1 1.66
34 175.2 2.32
34 202 4
60 5 0.01
60 4.7 0.02
60 49.3 0.04
60 97.8 0.05
60 149.1 0.75
60 178.9 1.54
60 226.6 3.03
60 267.4 5.17
60 301.5 7.59
60 386.5 16.55
60 438.9 21.3
60 474.6 23.88
61 208.6 2.78
61 222.9 3.38
61 234 3.78
61 249.4 5.21
61 274.4 6.58
61 299.7 8.87
61 324.8 10.99
61 397.9 17.2
61 15.3 0.01
61 25.1 0.03
61 59.4 0.01
61 95.3 0.08
61 105.5 0.17
61 113.8 0.21
61 124 0.36
61 135 0.55
61 148.6 0.87
61 174.5 1.64
61 200.9 2.14
88 4.4 0.01
88 89.6 0.01
88 124.5 0.33
88 170 1.97
88 199.4 2.21
88 237.8 4.77
88 275.2 7.76
88 313.8 9.52
88 349.3 11.32
88 389.8 13.94
88 454.8 20.25
89 4.2 0.01
89 209.4 2.18
89 224.7 3.01
89 235.6 4.09
89 273.7 6.88
89 299.3 9.58
89 325.3 10.61
89 349.1 12.06
89 399.1 15.66
89 499.3 27.45
89 14.3 0.01
89 115.1 0.01
89 125.2 0.02
89 134 0.03
89 149.3 0.99
89 174.8 1.59
89 201.2 2.21
116 70.4 0.01
116 140.1 0.13
116 204.8 2.57
116 265.1 5.01
116 299 7.16
116 338.6 12.24
116 371.3 15.34
116 399.5 18.04
116 429.4 20.42
116 482.1 26.39
117 209.4 3.84
117 224.5 4.78
117 234.1 5.08
117 249.4 4.76
117 275.1 6.08
117 300 8.14
117 324.2 12.19
117 349.4 13.97
117 398.6 17.91
117 498.8 26.46
117 35.5 0.01
117 60.7 0.03
117 75 0.02
117 94.8 0.01
117 104 0.05
117 114.2 0.03
117 124.6 0.05
117 134.7 0.06
117 149.3 0.36
117 174.2 1.8
117 200.5 2.9
144 5 0.01
144 124.6 0.01
144 159.9 0.74
144 202.2 1.91
144 249.4 3.14
144 273.7 4.02
144 333.5 9.35
144 382.1 14.81
144 433.3 19.79
144 494.5 26.82
145 209.1 2.69
145 224.3 3.23
145 234.2 3.51
145 249.3 4.7
145 274.2 7.39
145 299 8.06
145 324.4 8.67
145 348.9 10
145 399.5 16.5
145 498.5 25.78
145 35 0.01
145 124.2 0.01
145 134.3 0.07
145 150.2 0.21
145 175.1 0.59
145 199.4 1.4
172 51.3 0.01
172 123.6 0.01
172 175.4 1.49
172 194.7 2.31
172 245.3 4.85
172 285.6 7.51
172 324.6 11.69
172 364.8 15.31
172 424.2 19.9
172 484.1 28.25
173 210.4 2.88
173 226.4 3.83
173 237.1 4.4
173 251.6 5.21
173 274.9 6.99
173 298.6 8.47
173 324.1 9.73
173 349.8 11.83
173 400.2 18.19
173 499.5 27.96
173 24.7 0.02
173 74.8 0.01
173 94.4 0.01
173 104.1 0.01
173 115 0.01
173 134.4 0.02
173 149.8 0.47
173 174.5 1.31
173 202 2.32
207 169.4 1.58
207 220.4 4.3
207 317.8 9.17
207 366.8 12.53
207 398.8 16.46
207 431.2 18.78
207 489 26.94
208 209.3 4.29
208 223.5 5.15
208 234.3 5.82
208 249.5 6.74
208 273.7 8.2
208 299.9 10.68
208 323.9 11.54
208 350.1 12.57
208 400.2 16.08
208 499.1 27.12
208 134 0.21
208 150.1 1.16
208 174.7 2.44
208 199.6 3.82
235 5.9 0.05
235 9.9 0.01
235 44.2 0.02
235 82 0.02
235 89.8 0.02
235 117.9 0.02
235 134.5 0.21
235 192 2.11
235 251.7 4.21
235 331.7 9.92
235 396.2 13.68
235 455 18.05
235 498.5 25.25
236 5.1 0.02
236 91.4 0.01
236 209.1 3.21
236 224 3.67
236 234.8 4.43
236 250.3 5.6
236 275 7.33
236 300 9.17
236 324.9 10.98
236 351.2 12.8
236 398.6 16.76
236 5 0.02
236 15.2 0.02
236 24.9 0.02
236 34.7 0.02
236 44.9 0.01
236 60 0.01
236 73.9 0.01
236 85.1 0.02
236 94.7 0.02
236 105.3 0.04
236 114.8 0.22
236 126 0.64
236 134.9 0.84
236 149 1.07
236 159.5 1.25
236 173.9 1.81
236 185.4 2.29
236 201.1 3.11
291 3.9 0.01
291 499.9 26.84
291 154.3 0.57
291 219.9 3.22
291 257.4 4.93
291 327.7 10.47
291 368.8 13.87
291 434.2 20.36
291 469.6 24.27
291 469.6 24.3
292 126 0.01
292 151.3 0.81
292 174.7 1.26
292 200.7 2.66
334 4.9 0.01
334 50.4 0.01
334 99.3 0.04
334 124.5 0.14
334 192.5 1.86
334 262.9 4.14
334 364.6 18.34
334 409.4 21.25
334 449.7 23.3
334 494.7 27.87
335 4.6 0.01
335 14.8 0.01
335 25.2 0.01
335 35 0.01
335 99.6 0.01
335 125.1 0.04
335 150.1 0.19
335 174.6 0.76
335 201 2.07
335 225.2 3.1
335 301.3 7.75
335 350.5 16.33
354 419.9 23.34
354 126.7 0.04
354 179.9 1.06
354 224.4 3.31
354 263.4 5.56
354 293.6 9.44
354 328.5 13.29
354 364.3 17.54
354 416.8 22.81
354 479.3 28.25
355 15.1 0.01
355 34.5 0.01
355 58.9 0.01
355 72.8 0.01
355 150.4 0.27
355 172.3 0.8
355 199.6 1.69
16 398.8 26.03
16 3.4 0.01
16 48.3 0.01
16 99 0.01
16 148.9 0.48
16 208.3 1.59
16 244.1 3.19
16 278.1 4.3
16 339.9 23.42
16 369.1 26.03
16 399.3 26.48
16 437.1 26.39
16 478.5 26.33
17 23.3 0.01
17 43.2 0.01
17 58.1 0.01
17 124.1 0.02
17 148.5 0.08
17 172.8 0.25
17 198.9 1.12
45 4.3 0.03
45 418.1 21.7
46 43.9 0.01
46 59.5 0.01
46 73.8 0.01
46 99.1 0.08
46 123.2 0.9
46 151.3 1.76
46 173.8 2.25
46 198.4 4.01
46 151.6 1.36
46 231.2 4.43
46 294 9.34
46 298.7 9.78
46 361.5 13.3
46 403.9 18.89
46 451.5 25.62
46 473.6 27.76
80 4.1 0.05
80 11.9 0.07
80 20.2 0.08
80 33.8 0.09
80 44.2 0.08
80 58.9 0.07
80 73.4 0.09
80 98.6 0.06
80 124.6 0.21
80 148.5 1.86
80 164.2 2.49
80 174 2.09
80 493.8 27.13
80 73.3 0.04
80 98.6 0.03
80 147.6 1.28
80 198.6 2.06
80 223.6 2.99
80 249.4 4.77
80 298 9.46
80 348.9 12.76
80 398.6 18.26
80 447.8 23.01
80 497.9 28.36
82 497.6 29.92
82 98.8 0.09
82 123.9 0.03
82 134.1 0.03
82 149.4 0.27
82 183.4 1.93
82 214 2.85
82 246.5 4.69
82 326.3 11.25
82 359.2 14.49
82 416.2 20.25
82 470.6 26.98
82 488.5 28.45
107 3.7 0.34
107 459.6 23.05
107 3.7 0.26
107 44.3 0.13
107 78.4 0.11
107 128.1 0.09
107 163.2 0.34
107 214 1.98
107 298.7 7.07
107 325.7 9.01
107 348.9 12.21
107 385.6 14.14
107 444.3 19.99
108 13.6 0.37
108 23.1 0.25
108 33.8 0.47
108 43.9 0.48
108 59.3 0.49
108 83.8 0.02
108 163.4 0.17
108 199.5 0.95
136 4.8 0.4
136 8.9 0.34
136 19.5 0.22
136 59.1 0.21
136 104.4 0.21
136 124.2 0.22
136 169.6 2.83
136 216.4 4.93
136 288.9 11.4
136 298.8 11.91
136 357 15.8
136 411.8 21.55
136 481.5 29.18
136 498.9 30.33
137 4.8 0.07
137 14.7 0.11
137 24.9 0.1
137 34.2 0.08
137 44.6 0.11
137 60 0.34
137 75 0.09
137 99.3 0.05
137 124.4 0.67
137 149.8 1.72
137 175.2 2.73
137 200.6 3.49
164 4 0.04
164 498.8 29.43
164 3.6 0.03
164 49 0.06
164 103.5 0.13
164 138.5 0.49
164 178.8 0.98
164 219.4 3.52
164 253.1 4.41
164 308.2 9.79
164 364.5 15.11
164 419.1 20.44
164 459.2 25.28
193 4.1 0.08
193 3.9 0.04
193 34.3 0.04
193 58.6 0.04
193 95.1 0.03
193 124.2 0.11
193 178.4 1.51
193 207.9 2.54
193 245 4
193 336.1 12.15
193 374.9 15.67
193 403.2 18.82
193 434.4 19.48
193 494.1 26.44
221 5.2 0.02
221 29.5 0.04
221 60.8 0.04
221 74.5 0.04
221 82.6 0.05
221 118 0.08
221 159.5 1.17
221 198.6 2.19
221 261.8 6.79
221 323.4 11.72
221 361.9 15.77
221 424.4 21.65
221 485.8 28.6
221 5 0.04
221 498.1 30.35
274 5.1 0.03
274 5.4 0.03
274 53.7 0.03
274 72.3 0.04
274 98.9 0.11
274 125.3 0.15
274 167.4 1.27
274 227.6 4.87
274 265.3 7.68
274 299 10.62
274 350.1 13.68
274 412.3 20.54
274 448.4 24.07
274 490.2 28.2
295 4.6 0.03
295 4.4 0.02
295 64.9 0.02
295 92.6 0.03
295 154.8 0.74
295 189.9 1.23
295 231.7 4.23
295 280.6 8.17
295 322.3 12.1
295 392.7 19.96
295 425 23.47
295 467.1 26.92
320 4.2 0.03
320 3.7 0.01
320 8.9 0.02
320 33.9 0.04
320 59.6 0.03
320 95.9 0.09
320 98.6 0.1
320 108.7 0.3
320 123.3 0.62
320 184.5 2.36
320 244.5 6.81
320 319.6 12.84
320 359.5 15.93
320 411.8 22.46
320 450.7 24.98
320 491.8 28.95
349 4.8 0.03
349 50.2 0.02
349 92.3 0.06
349 167.1 2.11
349 200.4 3.89
349 240 6.49
349 290.4 9.28
349 329.8 13.71
349 372.1 16.24
349 419.7 21.3
349 474.2 28.02
349 4.4 0.02
15 4.7 0.13
15 4 0.11
15 48.2 0.01
15 98.6 0.02
15 142.8 0.45
15 189.8 0.92
15 228.3 1.92
15 289.5 5.69
15 324.3 8.79
15 358.8 11.16
15 398.7 14.27
15 442.6 20.61
15 487.5 25.27
51 4.8 0.02
51 498.9 29.85
51 3.9 0.02
51 24.3 0.05
51 44 0.07
51 75.2 0.07
51 115 0.21
51 125.7 0.51
51 213.6 3.96
51 263.9 7.55
51 317.5 10.7
51 349.4 13.79
51 411.4 20.53
51 482.5 28.98
71 4.8 0.01
71 24.7 0.05
71 74.6 0.03
71 109.7 0.02
71 150.1 0.03
71 178.8 0.78
71 214.1 1.25
71 248.1 1.98
71 290.9 4.96
71 345 12.66
71 378.8 16.9
71 423.7 22.07
71 464.7 25.85
140 4.5 0.02
140 4 0.04
140 38.5 0.01
140 49.2 0.02
140 74.3 0.03
140 114.5 1.2
140 157.4 2.78
140 200.1 5.08
140 284.1 12.86
140 330.3 16.12
140 393.3 20.24
140 429.7 23.49
140 482 28.94
180 27.2 0.01
180 499.1 30.12
180 4.4 0.05
180 55.3 0.06
180 69.2 0.06
180 109 0.07
180 144.1 1.13
180 234.3 6.77
180 274.1 9.38
180 308.6 12.98
180 343.5 15.79
180 394.8 20.24
180 433.8 24.11
180 466.9 28.04
180 494.6 30.33
239 5.6 0.02
239 499.8 28.48
239 4.8 0.04
239 24.9 0.06
239 68.1 0.05
239 84.2 0.06
239 99.7 0.06
239 142.2 0.51
239 178.1 2.39
239 244.1 6.09
239 314.2 12.2
239 354.7 16.32
239 417.4 21.13
239 475.8 27.49
279 4.4 0.03
279 9.7 0.03
279 66.1 0.03
279 84.6 0.09
279 124.6 0.45
279 179.7 2.06
279 220.2 3.69
279 258.9 6.59
279 299.2 9.88
279 345.8 12.17
279 379.8 15.77
279 434.6 20.77
279 469.9 25.65
307 5.1 0.04
307 15 0.04
307 73.8 0.03
307 81.6 0.06
307 110.8 0.32
307 164.7 1.93
307 203.4 2.83
307 239.5 5.42
307 283.7 7.93
307 328.6 11.63
307 363.4 14.9
307 436.2 20.73
307 474.4 27.06
328 9.5 0.02
328 438.3 19.4
328 8.8 0.02
328 51.4 0.02
328 96.5 0.05
328 116.4 0.26
328 188.1 1.89
328 220.7 2.87
328 262 5.64
328 300.9 9.2
328 344.4 12.19
328 404.2 15.31
328 450.4 19.24
328 483.2 22.95
352 4.8 0.07
352 10.4 0.06
352 54.3 0.06
352 102.8 0.16
352 124.8 0.51
352 173.9 1.88
352 210.9 3.18
352 248 5.82
352 294.6 8.31
352 343.3 10.65
352 400.3 14.79
352 455.8 21.63
16 4.1 0.03
16 499 26.75
16 4.9 0.03
16 38.1 0.04
16 71.1 0.08
16 105 0.14
16 138.3 0.21
16 180.9 1.66
16 239.9 4.34
16 274.4 7.95
16 310.5 10.72
16 361.5 13.94
16 403.4 18.7
16 450.8 22.75
56 4.9 0.03
56 3.9 0.05
56 40.4 0.05
56 74.1 0.06
56 101.2 0.08
56 164.7 1.61
56 198.5 2.57
56 271.3 8.3
56 308.4 11.6
56 348.9 15.37
56 384.3 17.78
56 421.9 20.82
56 488.8 28.03
87 493.9 25.83
87 3.6 0.14
87 59.4 0.06
87 114.6 0.41
87 148.7 1.21
87 185.7 2.29
87 218.5 2.96
87 251.2 4.84
87 298.2 7.56
87 344.4 11.23
87 373.4 16.28
87 412.3 19.7
87 456 23.2
87 494.9 29.02
113 3.9 0.03
113 498.8 31.58
113 4.1 0.02
113 57.9 0.03
113 83.5 0.04
113 123.1 1.19
113 160.4 2.44
113 197.8 5.17
113 240.4 8.18
113 280.3 11.26
113 318.5 12.53
113 357.3 15.05
113 427.4 20.95
113 483.3 28.51
140 4.3 0.03
140 4.1 0.08
140 33.7 0.1
140 76.9 0.06
140 112.3 0.24
140 148.4 1.51
140 178.2 2.13
140 244.9 6.55
140 287.3 8.24
140 378.4 14.24
140 436.6 19.94
140 472.7 22.75
170 5 0.02
170 4.7 0.05
170 67.1 0.08
170 104.9 0.09
170 139.9 0.45
170 172.5 0.88
170 224.8 1.39
170 316.3 7.52
170 354.6 11.44
170 405.5 14.81
170 454.8 21.95
170 487.1 24.71
200 4.5 0.04
200 500 29.17
200 5.2 0.04
200 39.1 0.05
200 75.1 0.05
200 104.9 0.05
200 163.4 1.13
200 224.9 5.74
200 259.1 9.53
200 295.6 12.18
200 345.8 14.37
200 379.3 16.8
200 413 20.65
200 446.2 23.59
200 480 27.97
232 499.9 31.3
232 43 0.04
232 82.6 0.07
232 109.3 0.06
232 142.1 0.42
232 200.3 1.56
232 303.9 9.8
232 340.4 12.67
232 358.8 17.82
232 430.5 22.79
232 494.6 28.16
287 4.9 0.01
287 5.8 0.04
287 47.8 0.05
287 88.4 0.04
287 128.3 0.04
287 233.3 3.05
287 279.7 6.71
287 338.4 11.37
287 375 16.17
287 428.9 21.98
287 493.3 29.09
313 5.3 0.07
313 5 0.04
313 41.8 0.04
313 79 0.04
313 93.7 0.08
313 108.2 0.11
313 154.2 2.05
313 212.4 6.81
313 248.2 10.79
313 283.5 13.09
313 332 17.06
313 389.4 23.64
313 444.9 29.02
313 485.2 32
353 4.7 0.06
353 422.5 24.33
353 24.5 0.02
353 61.2 0.01
353 95.2 0.22
353 154.3 1.38
353 186.2 2.29
353 220.7 5.24
353 265.3 8.03
353 312.3 12.18
353 345 15.56
353 396.6 20.75
353 425.8 23.07
353 461.8 26.45
353 499.2 31.04
21 4.2 0.08
21 497.8 24.78
21 4.1 0.01
21 54.1 0.02
21 102 0.03
21 193.6 1.86
21 249.5 5.47
21 285.4 9.29
21 323.4 12.66
21 368.6 16.77
21 408 19.81
21 445.6 22.93
21 480.4 25.35
55 4.8 0.07
55 3.8 0.05
55 26.7 0.02
55 73.4 0.06
55 117.4 0.51
55 176 2.03
55 242.6 5.94
55 276 9.12
55 311.3 12.13
55 367.6 17.01
55 424.1 22.83
55 459.2 26.96
55 491.2 28.88
79 8.4 0.1
79 4.5 0.08
79 64.1 0.04
79 124.7 0.75
79 167.7 2.42
79 232.9 4.26
79 280.9 8.85
79 324.9 12.73
79 358.8 15.51
79 426.2 21.53
79 461.7 24.74
79 492.9 28.17
111 4.3 0.09
111 476.4 21.62
111 3.7 0.03
111 57 0.12
111 109.9 0.11
111 191.8 2.44
111 256.5 6.49
111 305.5 8.92
111 354.9 12.89
111 395.5 15.57
111 449.1 20.67
139 4.4 0.01
139 499.6 25.77
139 4.1 0.03
139 47.1 0.03
139 74 0.06
139 125.3 0.52
139 174.9 2.34
139 215.7 3.85
139 256 5.39
139 296.2 8.59
139 335.5 12.03
139 384.8 14.78
139 436.8 20.18
139 476.1 24.12
167 4.4 0.08
167 4.7 0.14
167 111.4 0.02
167 146.9 0.64
167 205.3 3.25
167 261.1 5.4
167 297.4 8.75
167 332.1 12
167 378.9 16.27
167 421.3 21.48
167 458.7 23.67
167 494.5 28.17
195 4.9 0.09
195 60.2 0.03
195 95.9 0.12
195 149.9 0.24
195 198.5 1.88
195 265.7 4.91
195 343.1 12.52
195 382.8 17.97
196 4.9 0.05
196 25.1 0.03
196 43.4 0.03
196 60 0.07
196 125.1 0.01
196 149.8 0.35
196 174.8 0.89
196 200 1.91
228 4.7 0.02
228 118.6 0.12
228 150.7 1.36
228 209.7 5.58
228 336.3 15.3
228 373.4 17.59
228 409.6 20.23
228 444.5 24.44
228 479.5 28.35
272 7.4 0.04
272 4.9 0.05
272 50.7 0.06
272 61.4 0.05
272 82.3 0.05
272 121.1 0.02
272 167.6 1.67
272 220.1 4.06
272 269.8 7.49
272 319.5 10.69
272 347.7 14.17
272 414.1 20.18
272 450.5 24.98
272 486.7 28.2
304 64.6 0.02
304 92.7 0.03
304 152.5 1.27
304 190.6 2.84
304 226.3 5.28
304 264.4 8.82
304 302 13.08
304 334.5 17.13
304 388.7 22.54
304 431.2 25.06
304 474.4 27.86
332 24.4 0.03
332 71.2 0.04
332 80.9 0.03
332 97.9 0.31
332 150.6 1.52
332 192.6 3.45
332 230.3 6.29
332 263.2 9.84
332 294.9 11.77
332 330.9 15.45
332 391.9 21.69
332 452.9 28.06
355 4.9 0.01
355 500 31.84
355 47.2 0.02
355 88.3 0.01
355 102 0.01
355 174.3 3.48
355 223.9 6.15
355 294.8 11.65
355 339.6 16.1
355 398.3 22.34
355 435.3 25.23
355 472.2 27.69
32 4.3 0.04
32 499.6 27.65
32 4.6 0.06
32 43.2 0.05
32 81.9 0.08
32 202.4 2.47
32 252.6 4.49
32 296.2 6.82
32 340.1 10.4
32 386.3 15.8
32 420.9 18.13
32 454.8 20.71
63 6.2 0.05
63 499.5 31.15
63 5.2 0.02
63 55.7 0.04
63 114.8 0.09
63 172.2 2.21
63 222 5.32
63 265 7.45
63 310.1 12.17
63 340.9 15.52
63 375.4 17.98
63 410 21.04
63 464.4 27.39
137 11.4 0.04
137 8.5 0.02
137 36.4 0.04
137 79.1 0.04
137 120.1 0.03
137 179 0.66
137 290.2 5.85
137 339.7 12.78
137 395.9 19.36
137 436.6 24.13
137 469.3 27.13
165 15.1 0.05
165 499.9 28.89
165 13.2 0.02
165 49.1 0.04
165 86.5 0.04
165 138.2 2.43
165 172.7 2.64
165 209.9 5.16
165 274.9 11.62
165 313.3 12.26
165 349.3 13.61
165 384.4 16.13
165 418.9 19.89
165 478.8 29.22
199 76.1 0.09
199 132.6 0.38
199 182.5 2.56
199 242 6.03
199 289.4 9.07
199 335.9 13.7
199 370.1 17.37
199 426.1 23.06
199 460.4 25.75
199 494.4 29.27
199 5 0.05
225 5.2 0.04
225 5.3 0.04
225 71 0.04
225 97.5 0.07
225 136.6 0.08
225 174.8 0.33
225 196.4 1.31
225 255 4.55
225 300.3 8.52
225 338.2 13.17
225 369.2 16.71
225 413.4 22.98
225 451.3 27.23
225 482.9 29.5
252 12 0.06
252 13.3 0.05
252 69.6 0.09
252 94.1 0.14
252 138.9 0.22
252 173.7 1.3
252 206.4 2.61
252 257.9 6.48
252 297.3 10.35
252 334.2 13.09
252 371.2 15.52
252 438.7 22.41
281 5.5 0.09
281 12.3 0.01
281 50 0.02
281 89.1 0.06
281 114.5 0.16
281 139 0.74
281 189.6 1.72
281 245.1 5.71
281 289.8 8.1
281 335.2 11.33
281 381.9 14.58
281 419 17.46
281 454 20.69
281 490.3 24.74
316 43.7 0.04
316 81.4 0.05
316 97.5 0.06
316 139.8 0.68
316 206.6 2.73
316 252.7 6.7
316 291.3 9.26
316 330.4 12.2
316 374.3 16.46
316 433.2 22.24
316 473.5 25.48
346 4.5 0.05
346 4.5 0.04
346 49.7 0.05
346 96.6 0.08
346 124.9 0.42
346 186.5 2.6
346 240.5 6
346 280.3 8.88
346 320.3 13.56
346 350 16.09
346 404.5 19.99
346 439.4 25.92
346 476.1 28.89
26 13.1 0.01
26 45.6 0.04
26 81 0.05
26 200.6 2.17
26 257.9 5.25
26 303 8.49
26 348.5 11.39
26 393.6 15.19
26 445.4 20.72
26 479.6 23.86
45 15.3 0.05
45 451.5 25.04
45 11.4 0.04
45 71.3 0.02
45 98.6 0.03
45 128.8 1.1
45 279.9 12.24
45 340 15.52
45 394.6 21.58
45 453.7 28.71
70 33.7 0.01
70 95.4 0.01
70 153.6 0.45
70 199.7 2.33
70 260.6 6.56
70 299.7 9.3
70 336.5 12.7
70 394.2 16.74
70 452.9 23.35
70 489.2 26.49
70 31.5 0.02
91 8.7 0.08
91 14.8 0.04
91 44.2 0.05
91 152.2 0.29
91 196.5 0.31
91 240.1 3.44
91 283.8 6.47
91 340.5 15.49
91 385.4 20.33
91 399.3 22.81
91 426.2 22.62
91 471.4 25.92
146 4.8 0.04
146 11.6 0.03
146 48.5 0.02
146 85.7 0.03
146 150.4 2.23
146 185.8 4.99
146 237.4 8.41
146 287.9 11.4
146 330 15
146 366.2 18.09
146 401.6 21.38
146 441.1 24.98
146 480.2 27.62
164 14.6 0.04
164 26.2 0.04
164 39.6 0.04
164 95 0.03
164 147.2 2.28
164 182.3 3.32
164 214.7 4.69
164 265.1 7.45
164 318.5 10.92
164 376.8 15.25
164 409.4 18.3
164 440.3 21.11
164 494.3 28.01
193 5.4 0.01
193 498.6 27.75
193 5.8 0.02
193 54.2 0.02
193 74.3 0.06
193 143.5 0.42
193 203.9 3.22
193 259.2 6.94
193 302 9.62
193 345.8 13.33
193 384.7 16.44
193 441.5 23.38
193 500 30.38
220 7.3 0.02
220 500 30.45
220 18.7 0.04
220 40.1 0.07
220 64.2 0.07
220 106.4 0.19
220 171.7 2.26
220 232.1 5.64
220 273 9.13
220 309.6 12.12
220 356.2 16.68
220 402.7 22.19
220 482 29.34
258 5.7 0.06
258 10.1 0.07
258 65.6 0.05
258 103.2 0.06
258 140.7 0.58
258 194.6 2.23
258 251 5.25
258 296.1 8.5
258 340 11.25
258 394.3 14.39
258 424 16.61
258 449.9 21.11
293 6.7 0.04
293 7.4 0.08
293 47.2 0.08
293 63.1 0.08
293 103.3 0.07
293 135.9 0.52
293 169.5 0.81
293 235.9 1.58
293 295.4 5.24
293 333.5 7.9
293 370.7 11.19
293 420 15.59
293 478.7 21.75
312 6 0.02
312 499.3 22.33
312 12.6 0.07
312 71.1 0.09
312 77.5 0.09
312 118.8 0.36
312 153.7 0.81
312 191.2 1.72
312 241 5.17
312 295.6 7.97
312 350.8 11.45
312 413.6 15.46
312 475.7 22.42
343 8.8 0.05
343 10.6 0.04
343 51.8 0.04
343 93.4 0.04
343 117.5 0.38
343 153.5 2.27
343 217.6 5.61
343 266.1 8.13
343 313 11.24
343 387 15.43
343 437.4 19.99
343 478.6 23.09
37 3.3 0.06
37 498.5 26.75
37 4.5 0.01
37 62.4 0.01
37 135.6 1.2
37 178.4 3.06
37 224.3 6.26
37 267.2 8.78
37 308.3 11.67
37 364.9 14.61
37 411.4 20.16
37 454.9 24.12
37 496.4 28.14
79 4.8 0.13
79 5.2 0.09
79 58.6 0.1
79 110.3 0.87
79 163.5 2.99
79 208.9 6.1
79 266.2 9.05
79 322 11.32
79 385.8 16.24
79 431.3 20.49
79 468.5 24.58
124 7 0.07
124 499.7 27.84
124 195.4 2.65
124 250.1 6.33
124 292.7 9.13
124 335.1 12.34
124 375 16.23
124 428.8 22.37
124 468.4 26.37
160 7.4 0.09
160 499.4 26.73
160 6.6 0.05
160 33.1 0.06
160 95 0.04
160 128.1 0.12
160 160.2 0.08
160 225 2.56
160 284.5 5.42
160 345.1 11.08
160 395.6 14.36
160 430.4 17.94
160 464.5 21.14
188 8.2 0.08
188 40.3 0.1
188 70.2 0.11
188 90 0.09
188 136.2 0.81
188 179.9 1.6
188 244.8 5.78
188 289.7 8.95
188 329.5 11.67
188 374.6 15.26
188 430.3 20.83
188 464.5 24.72
188 496.6 27.5
188 6.4 0.06
215 6.7 0.08
215 499.8 30.74
215 50.5 0.01
215 95.2 0.05
215 110.5 0.01
215 131 0.28
215 179.3 5.32
215 216 8.44
215 250 10.22
215 285.2 14.4
215 336.2 17.19
215 401.8 22.81
215 439.9 26
215 477 29.02
245 140.8 0.96
245 193.8 2.55
245 246.7 6.13
245 294.7 8.83
245 338.7 11.44
245 379.4 16.33
245 438.3 20.64
245 475 24.84
275 449.4 23.95
275 149.9 0.31
275 205.3 2.3
275 255.2 6.11
275 297.5 9.79
275 337.5 13
275 379.4 16.88
275 436.9 21.74
275 498 29.04
335 450.8 27.23
336 9.2 0.08
336 26.3 0.08
336 62.9 0.14
335 125.7 1.11
335 164.9 2.67
335 221.9 8.28
335 291.5 15.45
335 330.8 18.04
335 389.3 22.7
335 425.8 25.85
335 461.3 29.16
335 492.3 32.36
354 5.9 0.05
354 498.8 30.96
354 10.2 0.08
354 262.1 6.91
354 299.7 9.99
354 335.3 12.9
354 379.6 16.14
354 426.4 21.84
354 495.7 28.6
29 9 0.01
29 13.3 0.14
29 69.7 0.16
29 124.9 1.26
29 174 2.79
29 234.3 5.56
29 283.5 8.84
29 330.8 11.13
29 386.1 16.14
29 445 22.5
29 480.1 26.95
54 7.7 0.04
54 12.8 0.11
54 60.4 0.08
54 125.3 0.78
54 179.7 2.65
54 235.3 6.56
54 285.6 9.63
54 311.9 10.92
54 358.3 14.24
54 424.9 21.28
54 490.9 28.15
148 8.8 0.04
148 6.2 0.07
148 107.7 0.15
148 148.5 0.21
148 253.4 6.8
148 320.4 12.9
148 367.5 16.55
148 428.6 22.47
148 494.6 29.11
177 6.9 0.05
177 7.5 0.06
177 65.7 0.09
177 79.8 0.12
177 102.2 0.11
177 135 0.47
177 186.4 4.16
177 230.8 7.92
177 263.3 10.41
177 295.6 13.6
177 354.9 17.47
177 388 19.75
177 420.7 21.45
177 480.2 28.73
208 14.2 0.09
208 400.4 19.22
208 10.7 0.09
208 160.8 0.46
208 198.3 1.89
208 235 3.38
208 280 6.02
208 332.4 12.13
208 354.5 15.31
208 425.1 21.03
208 466.7 24.84
229 7 0.02
229 6.2 0.04
229 50.9 0.08
229 75.9 0.08
229 111.4 0.06
229 149.1 0.58
229 207.4 2.04
229 258 4.95
229 302 8.12
229 344.8 11.61
229 380.7 15.52
229 437.4 22.14
284 7.4 0.06
284 498.9 30.71
284 10.2 0.08
284 62.3 0.08
284 85.6 0.07
284 122.4 0.45
284 154.1 1.37
284 190.6 2.3
284 325.7 16.39
284 358.5 18.84
284 407.6 23.28
284 462 28.91
335 498.9 29.28
336 10.9 0.01
336 104.9 0.62
335 161.1 2.5
335 220 6.01
335 265.2 9.3
335 304.8 12.17
335 351.8 15.4
335 385.2 18.02
335 421 22.31
335 455.8 26.2
335 488 28.72
20 11.2 0.03
20 13.3 0.03
20 40.4 0.06
20 75.9 0.07
20 135.6 0.45
20 185.4 2.19
20 242.7 6.39
20 284.9 8.77
20 325.2 12.34
20 378 15.97
20 432.7 22.74
20 465.4 26.2
48 7 0.02
48 500 26
49 9.4 0.01
48 64.7 0.03
48 121.1 0.68
48 170.3 2.49
48 220.8 5.55
48 264.2 8.41
48 307.7 11.05
48 338.6 13.03
48 370.1 15.05
48 400.6 18.29
48 433.1 22.06
48 468.2 24.79
118 9.6 0.05
118 5.5 0.04
118 45.3 0.01
118 87.8 0.01
118 140.4 0.29
118 194.4 3.09
118 254.4 6.9
118 287.5 9.34
118 321.4 11.68
118 366.9 15.58
118 399.8 18.61
118 430.4 21.21
118 465.3 25.74
147 5.2 0.03
147 5.2 0.06
147 25.7 0.03
147 71.2 0.07
147 126.6 0.12
147 186.8 1.09
147 246.5 6.49
147 286 9.42
147 320.5 11.71
147 365.2 15.3
147 400.7 17.64
147 435.7 20.91
147 493.1 27.55
184 7.7 0.07
185 7.6 0.06
185 47.4 0.06
185 64.5 0.01
185 110.6 0.04
185 158.5 0.52
185 202.4 1.77
185 271.8 5.79
185 340.1 12.15
185 392.2 18.88
184 439.2 23.96
184 479.5 26.84
206 8.3 0.03
206 500 28.71
206 6.3 0.03
206 57.7 0.05
206 72.7 0.03
206 125.2 0.2
206 164.5 1.24
206 202.1 2.5
206 260.5 6.6
206 332.8 11.79
206 385.5 16.89
206 428.4 21.06
206 489.3 28.76
230 8.2 0.06
230 69.6 0.05
230 117.2 0.04
230 161.1 0.64
230 204.8 0.91
230 244.8 3.11
230 282.4 5.97
230 321.3 9.37
230 354.3 12.65
230 390.7 15.68
230 442.6 22.2
267 5.2 0.02
267 10.6 0.01
267 123.2 1.33
267 165 2.55
267 231.9 7.12
267 297.7 12.27
267 342 15.61
267 380.8 17.96
267 420 20.92
267 487.9 28.92
307 499.6 30.95
307 4.4 0.03
307 42.4 0.05
307 58.8 0.07
307 84.5 0.07
307 120.7 0.39
307 161.4 2.46
307 188.9 3.68
307 223.2 5.58
307 287.1 12.19
307 335 14.93
307 398.1 21.05
307 449.3 28.2
307 491.9 31.79
343 4.8 0.07
343 499.9 30.31
343 4.1 0.02
343 39.3 0.01
343 76.2 0.04
343 87.6 0.01
343 143.3 0.37
343 203.9 1.08
343 270.9 5.03
343 329.8 12.31
343 359.3 16.4
343 408.3 20.82
343 475.3 28.4
68 5.5 0.03
68 59.6 0.06
68 90.7 0.08
68 119.4 0.5
68 153.6 1.15
68 231.4 5.26
68 306.1 12
68 321 13.13
68 357.7 15.95
68 423.2 22.68
68 494.1 29.34
68 5.3 0.04
68 492 28.04
69 4.7 0.05
69 15.6 0.04
69 25.5 0.05
69 36.1 0.04
69 45.6 0.04
69 59.9 0.05
69 75.3 0.06
69 101.3 0.04
69 125.4 1
69 150.8 1.55
69 172.8 2.26
69 200.6 3.95
96 4.6 0.03
96 499.8 29.12
96 9.1 0.05
96 50.3 0.05
96 100.8 0.07
96 120.4 0.05
96 136 0.17
96 199.3 1.35
96 220.8 1.78
96 239.8 2.49
96 280.7 5.79
96 320.1 10.88
96 341.3 12.54
96 360.1 13.27
96 385 15.75
96 443.7 23.06
96 497.8 30.38
97 4.8 0.03
97 15.2 0.02
97 35.3 0.03
97 59.7 0.01
97 76.6 0.01
97 99.8 0.06
97 124.6 0.42
97 151.1 0.96
97 175.6 1.43
97 200.1 1.95
138 5.9 0.04
138 25.1 0.05
138 45.5 0.03
138 75.3 0.05
138 108.5 0.02
138 125 0.13
138 142.6 0.01
138 197 1.08
138 332.1 11.3
138 369.2 14.95
138 433.7 20.72
139 4.2 0.03
139 14.8 0.02
139 24.7 0.02
139 35.3 0.02
139 45.4 0.03
139 60.4 0.02
139 74.5 0.04
139 100 0.23
139 125.5 0.26
139 150.4 0.3
139 175.3 0.77
139 200.3 1.82
159 4.9 0.03
159 498.4 30.43
159 5.9 0.02
159 37 0.02
159 65.8 0.02
159 69.9 0.03
159 106.6 0.03
159 119.6 0.26
159 222.3 3.73
159 277.1 9.67
159 301.3 11.23
159 350.9 15.93
159 389.5 19.32
159 416.3 22.18
159 476.3 28.14
159 487.1 29.04
160 5.6 0.04
160 15.3 0.04
160 25 0.02
160 36 0.03
160 45.7 0.03
160 61.5 0.03
160 74.1 0.03
160 98.2 0.05
160 124.8 0.9
160 146.6 0.83
160 175.8 2.13
160 206.8 3.71
189 6.9 0.04
189 13.8 0.01
189 46.9 0.03
189 55.4 0.02
189 70.2 0.03
189 111.7 0.23
189 172 2.57
189 231.2 4.45
189 266.7 7.26
189 303.4 10.94
189 367.9 14.83
189 428.6 22.22
189 469.8 25.73
190 5.7 0.03
190 15 0.04
190 25 0.05
190 35.1 0.06
190 44.3 0.04
190 59.5 0.04
190 74.4 0.04
190 99.3 0.06
190 125.1 0.77
190 149.1 1.52
190 174.9 1.59
190 200.5 3.19
219 7.2 0.04
219 25.5 0.08
219 66.4 0.09
219 107.6 0.07
219 140.6 0.1
219 160.3 0.51
219 190.5 0.94
219 239 2.23
219 288 3.35
219 349.6 12.35
219 379.5 16.91
219 412.8 20.43
219 446.3 23.44
220 5.7 0.01
220 15.2 0.01
220 25.3 0.02
220 35.6 0.03
220 45.2 0.02
220 60.6 0.03
220 75.5 0.03
220 100.2 0.03
220 125.2 0.31
220 150.3 0.06
220 175.1 0.44
220 200.5 1.25
247 25.3 0.04
247 80.7 0.02
247 96.1 0.03
247 144.6 0.51
247 171.1 0.97
247 205.2 1.52
247 239.7 1.92
247 286.1 5.95
247 327.7 9.94
247 368.1 13.57
247 406.6 18.04
247 455 23.11
247 5.4 0.05
247 14.9 0.05
247 25.6 0.03
247 35.2 0.03
247 45.5 0.04
247 60.2 0.03
247 76 0.02
247 100.5 0.03
247 125.5 0.31
247 150.2 0.75
247 175.4 1.03
247 200.7 1.48
276 7.6 0.02
276 75 0.01
276 80.6 0.01
276 95 0.02
276 134.1 0.2
276 184.3 1.37
276 205.6 1.49
276 263.6 5.21
276 303.1 8.39
276 342.3 14.07
276 382 17.38
276 434.3 22.9
276 495.7 30.54
277 7.5 0.04
277 16.1 0.03
277 26 0.04
277 35 0.03
277 45.9 0.04
277 61.1 0.04
277 75.3 0.04
277 100.6 0.09
277 125.5 0.39
277 150.4 0.86
277 174.9 1.12
277 199.8 1.46
325 5.2 0.02
325 15 0.02
325 24.8 0.03
325 35.5 0.03
325 44.9 0.04
325 59.3 0.04
325 74.8 0.04
325 100.4 0.26
325 124.7 0.57
325 150 1.05
325 174.7 1.47
325 200.8 1.86
326 4.9 0.03
326 54.9 0.03
326 104 0.05
326 133 0.68
326 174.2 1.22
326 194.3 1.43
326 236 2.34
326 275.9 4.77
326 330 10.62
326 353.4 12.63
326 390.8 18.68
326 427.8 25.22
326 499.8 30.09
326 5.1 0.02
326 499.9 29.64
9 4.1 0.08
9 499.8 27.46
28 7.6 0.05
28 499.3 29.45
28 97 0.06
28 109.4 0.29
28 131.1 1.18
28 189.8 3.58
28 210.4 4.28
28 250.1 6.42
28 314.6 11.28
28 362.3 15.9
28 401.4 18.71
28 440.2 20.81
28 464.7 25.79
28 494.5 29.41
29 2.4 0.04
29 15.2 0.06
29 24.8 0.06
29 34.4 0.05
29 44.9 0.05
29 60.5 0.04
29 74.6 0.02
29 101.4 0.38
29 125.4 0.98
29 150.3 2.1
29 176.1 2.83
29 200.5 3.93
59 6.8 0.02
59 38.1 0.01
59 101.5 0.21
59 159.2 1.85
59 190.4 2.96
59 214.9 3.38
59 232 4.36
59 275 8.77
59 315 11.44
59 352.3 14.17
59 369.5 16.1
59 390 16.96
59 431.9 21.89
59 486 28.91
60 7.8 0.02
60 14.9 0.01
60 26.1 0.02
60 34.6 0.01
60 45 0.03
60 60 0.01
60 75.4 0.01
60 100.5 0.1
60 126.1 1.19
60 150.8 1.31
60 174.8 1.88
60 200.1 2.43
101 8.1 0.02
101 497.8 27.81
102 42.6 0.01
102 140.8 0.41
102 156 0.7
102 186 1.28
102 272.4 4.6
102 330 7.95
102 349.7 9.6
102 393.3 13.95
102 449.7 23.01
102 6.8 0.03
102 14.9 0.04
102 25.4 0.04
102 35.1 0.04
102 44.8 0.05
102 61 0.04
102 75.5 0.04
102 101.1 0.04
102 125.2 0.04
102 150.9 0.19
102 175.7 1.07
102 200.9 1.26
129 4.7 0.02
129 499.4 29.85
129 44.7 0.01
129 81 0.02
129 148.1 1
129 191.4 2.56
129 233.4 5.13
129 277.3 9.31
129 324.3 12.08
129 351.3 15.84
129 364.1 18.16
129 412.4 23.07
129 481.7 29.08
130 5.6 0.02
130 15.5 0.01
130 26.3 0.01
130 33.9 0.02
130 75.3 0.01
130 100.4 0.01
130 125.8 0.02
130 150.2 0.12
130 174.9 1.11
130 200.8 2.13
201 4.7 0.01
201 124.9 0.24
201 145.6 0.28
201 194 1.61
201 267.2 5.01
201 330 12.16
201 359.2 17.32
201 427.4 23.2
201 450.1 28.04
201 472.3 30.44
201 6.1 0.03
201 14.2 0.02
201 24.7 0.03
201 34.1 0.03
201 44.5 0.02
201 59.5 0.02
201 74.8 0.02
201 99.8 0.03
201 124.5 0.04
201 149.3 0.26
201 174.9 1.11
201 199.5 2.55
243 5.7 0.04
243 15.2 0.05
243 24.6 0.04
243 34.6 0.04
243 44.6 0.04
243 60 0.04
243 74.9 0.04
243 99.8 0.15
243 124.7 0.45
243 149.4 1.39
243 173.7 2.4
243 200.7 3.53
244 5.9 0.01
244 46.6 0.02
244 78.4 0.02
244 83.6 0.03
244 111.6 0.04
244 119.7 0.03
244 328.8 11.73
244 375.1 16.92
244 424.8 21.96
244 470.6 25.84
244 6.2 0.01
270 5.8 0.03
270 16.2 0.03
270 25.8 0.03
270 36 0.03
270 45.6 0.03
270 60.8 0.03
270 76.1 0.03
270 100.7 0.04
270 125.6 0.17
270 150.4 0.94
270 176.6 2.01
270 200.8 3.53
270 5.9 0.03
270 30.8 0.04
270 50.7 0.05
270 80.7 0.03
270 100.1 0.02
270 149.1 0.81
270 211.6 4.13
270 250.9 6.61
270 290.9 10.79
270 338.5 14.43
270 410.7 20.79
270 479.6 28.11
271 5.3 0.01
308 5.5 0.02
308 499.5 30.53
309 66.1 0.02
309 84.1 0.05
309 118.8 0.42
309 157.7 1.8
309 195.5 3.29
309 230.7 5.32
309 292.7 10.28
309 332 13.14
309 366.4 14.92
309 415.5 20.45
309 448.8 24.45
309 484.5 29.52
309 5.7 0.02
309 15.8 0.02
309 24.5 0.02
309 35.7 0.02
309 45.5 0.02
309 60.8 0.05
309 74.9 0.04
309 99.8 0.22
309 125.4 0.83
309 149.8 1.66
309 173.9 1.94
309 200.3 3.3
333 6 0.03
333 14.3 0.02
333 24.9 0.03
333 35.4 0.03
333 45.5 0.02
333 59.4 0.03
333 74.8 0.02
333 99.8 0.03
333 124.7 0.11
333 150.2 0.87
333 175.5 1.41
333 200 2.58
334 5.3 0.03
334 52.8 0.05
334 99.4 0.03
334 124.2 0.45
334 169.3 1.49
334 213.9 3.52
334 258.7 5.92
334 292.1 9.53
334 326 12.58
334 365.8 16.59
334 430.6 22.56
334 481.2 28.57
334 499.5 28.04
353 6.2 0.01
353 497.7 29.17
353 5.5 0.04
353 61.4 0.06
353 119.2 0.15
353 147.2 0.62
353 186.3 2.03
353 239.4 5.37
353 281.8 8.57
353 321.4 12.13
353 366.8 14.64
353 410.2 21.9
353 455.1 24.9
354 5 0.01
354 15.1 0.02
354 24.6 0.02
354 34.8 0.01
354 43.8 0.02
354 59.4 0.02
354 73.9 0.02
354 99.5 0.06
354 123.6 0.47
354 149.5 1.05
354 175.6 2.32
354 199.6 3.99
18 5.3 0.04
18 500 30.52
18 4.8 0.01
18 38.3 0.02
18 70.3 0.01
18 135.9 0.64
18 177.5 1.55
18 244.8 5.09
18 309.1 11.7
18 357.3 14.56
18 417.9 22.12
18 451 25.35
18 487.9 28.08
19 5.5 0.02
19 14.9 0.02
19 25.1 0.02
19 33.8 0.02
19 44.6 0.02
19 61.1 0.02
19 76.1 0.02
19 101.5 0.03
19 126.5 0.2
19 151 0.79
19 175.1 1.45
19 199.4 2.36
84 4.6 0.01
84 499.8 25.98
85 214.9 2.95
85 275.7 7.17
85 335 10.76
85 351.3 12.3
85 370 14.75
85 402.1 18.57
85 429.1 21.77
85 469.4 26.19
85 6.4 0.01
85 15.5 0.01
85 25.5 0.01
85 36.2 0.01
85 45.2 0.02
85 60.9 0.01
85 76.3 0.01
85 102.7 0.01
85 125.9 0.02
85 150.4 0.45
85 176.3 1.04
85 201.7 1.9
122 6.4 0.03
122 16.5 0.01
122 58.2 0.02
122 100.2 0.03
122 139.7 0.23
122 179.9 0.25
122 233 3.01
122 258.8 5.17
122 311.4 14.93
122 341.2 17.56
122 362 22.27
122 393.3 28.65
122 438.8 31.29
122 486.6 32.27
124 5.9 0.01
124 14.4 0.01
124 34.5 0.01
124 43.9 0.01
124 73.1 0.01
124 98.3 0.01
124 124.2 0.08
124 150.8 0.2
124 174.9 0.22
124 199.5 1.85
151 5.4 0.03
151 5 0.04
151 35.5 0.05
151 74.4 0.05
151 114 0.03
151 159.1 0.58
151 207.4 1.77
151 258.7 4.05
151 304 7.53
151 346.7 10.31
151 400.7 15.14
151 457.6 21.88
153 4.9 0.01
153 24.4 0.01
153 45.5 0.01
153 59.5 0.02
153 74.9 0.01
153 99.7 0.01
153 126.1 0.01
153 148.5 0.33
153 175.6 0.99
153 200.1 2.35
178 5.5 0.07
179 5.3 0.01
179 71.4 0.02
179 127.2 0.41
179 139.6 0.96
179 204.6 2.86
179 249.6 4.62
179 266.7 6.26
179 304.9 11.9
179 345.2 14.3
179 362.8 16.41
179 374.6 18.35
179 425.3 22.38
179 498.6 28.31
179 5.7 0.01
179 14.5 0.02
179 25.6 0.01
179 34.8 0.01
179 45.2 0.01
179 59.8 0.03
179 74.8 0.01
179 99.8 0.01
179 124 0.05
179 150.3 0.93
179 174.9 1.54
179 199.7 2.91
213 11.6 0.06
213 499.9 29.89
213 9.6 0.01
213 60.5 0.01
213 107 0.02
213 149.5 0.86
213 190.8 2.82
213 254.4 6.23
213 320.4 11.33
213 359 15.8
213 412.3 21.48
213 450.3 25.85
213 478.3 29.75
214 10.5 0.02
214 16.1 0.01
214 25.8 0.01
214 35.1 0.01
214 45.4 0.02
214 60.4 0.02
214 75.1 0.02
214 100.4 0.02
214 125.6 0.17
214 150.2 0.79
214 174.9 1.14
214 200 1.53
230 6 0.01
230 499.7 29.22
230 6.4 0.01
230 34.3 0.02
230 83.6 0.02
230 125.9 0.03
230 195.6 2.31
230 248 5.12
230 285.2 8.33
230 320.8 11.22
230 371.3 14.69
230 422.6 21.64
230 463.4 26.02
231 15.3 0.02
231 25.4 0.01
231 35.5 0.02
231 45.3 0.02
231 60.3 0.02
231 75 0.01
231 100 0.02
231 125.3 0.01
231 150.1 0.35
231 175.5 0.98
231 200.4 1.81
258 5.8 0.02
258 10.3 0.03
258 45.1 0.03
258 78.6 0.05
258 118.8 0.02
258 150.9 0.04
258 204.4 1.27
258 259.6 6.62
258 323.9 14.68
258 355.5 17.39
258 406 22.92
258 445.2 26.25
258 484.6 29.41
259 5.7 0.01
259 35.3 0.01
259 60.4 0.01
259 75.4 0.02
259 100.2 0.01
259 125.1 0.04
259 150.7 0.37
259 175.4 0.7
259 200.2 1.32
281 5.1 0.02
281 499.7 32.77
281 6.3 0.04
281 66.4 0.01
281 81.5 0.02
281 115.3 0.01
281 163.7 0.57
281 211.4 2.15
281 276.6 8.38
281 327.8 13.63
281 370.8 16.87
281 414.8 23.75
281 466.4 29.8
282 4.5 0.03
282 15.5 0.01
282 25.5 0.01
282 35.2 0.01
282 45.5 0.02
282 60.7 0.01
282 75.3 0.01
282 100.2 0.02
282 125.3 0.04
282 149.9 0.12
282 175.2 0.62
282 200.1 1.33
338 5.5 0.07
338 498.9 30.11
339 6.6 0.02
339 26.1 0.06
339 73 0.08
339 80.2 0.04
339 103.9 0.26
339 139.3 1.15
339 175.7 2.68
339 211.4 4.53
339 245.2 6.83
339 295.7 12.04
339 354.9 16.16
339 418.2 21.3
339 474.6 26.9
339 491.4 29.29
339 7 0.01
339 16.9 0.01
339 26.5 0.01
339 37.4 0.01
339 46.9 0.02
339 60.3 0.01
339 75.9 0.01
339 101.1 0.02
339 125.1 0.32
339 150.7 0.76
339 177.1 1.38
339 200.8 2.38
43 500 30.39
43 7.9 0.08
43 66.8 0.03
43 126.2 0.37
43 183.3 2.55
43 238.9 6.19
43 274.8 8.44
43 310.8 11.72
43 343.9 14.8
43 377.8 19.58
43 410.9 21.64
43 445.6 26.93
43 480.6 29.3
44 7.3 0.03
44 16.2 0.03
44 25.5 0.03
44 35.2 0.05
44 45.7 0.03
44 61 0.03
44 75.9 0.03
44 100.3 0.02
44 125.6 0.03
44 150.2 0.11
44 175.4 0.75
44 200.4 1.28
65 4.3 0.04
65 7.1 0.02
65 60.2 0.03
65 130.1 0.04
65 151.5 0.2
65 205 2.22
65 256.6 5.74
65 292.6 9.03
65 328.7 12.65
65 373.2 15.64
65 401 18.53
65 425.2 22.55
65 482.9 28.24
66 8.7 0.02
66 18.4 0.02
66 23.8 0.03
66 34.7 0.02
66 45.2 0.03
66 59.9 0.02
66 75.2 0.02
66 99.9 0.02
66 125.8 0.03
66 149.7 0.57
66 175.3 1.75
66 199.6 2.53
95 500 30.59
95 5 0.03
95 46.8 0.03
95 87.8 0.03
95 134.9 0.04
95 180.1 0.43
95 204.2 1.75
95 244.6 5.86
95 281.5 8.77
95 317.9 14.02
95 362.2 17.71
95 428.4 23.39
95 449.5 25.89
95 486.1 30.11
96 5.3 0.02
96 15.1 0.02
96 25.3 0.03
96 35.6 0.03
96 45.5 0.02
96 60.5 0.01
96 75.5 0.02
96 100.1 0.24
96 126.3 0.23
96 150.7 0.17
96 175.3 0.44
96 200.4 1.07
137 8.4 0.03
137 499.6 24.36
137 7.8 0.02
137 45.8 0.01
137 72.7 0.04
137 114.9 0.06
137 153.3 0.04
137 187.1 0.27
137 221.7 3.11
137 272.1 5.82
137 336.4 10.58
137 395.1 14.58
137 429.7 17.71
137 464.7 20.85
138 8.8 0.01
138 18.8 0.02
138 25.7 0.02
138 35.3 0.02
138 44.4 0.02
138 59.2 0.01
138 74.6 0.02
138 100.1 0.06
138 125.9 0.11
138 150.1 0.2
138 175.8 0.34
138 200.2 0.82
176 7 0.01
176 9.1 0.09
176 65.6 0.12
176 105.6 0.15
176 116.5 0.57
176 174.5 2.71
176 237.7 6.85
176 275.8 11.6
176 314.2 14.56
176 398.1 22.31
176 462.7 28.96
176 500 32.06
177 7.2 0.01
177 17 0.03
177 24.9 0.01
177 35.5 0.02
177 45.2 0.02
177 60.6 0.02
177 75.5 0.03
177 100 0.04
177 125.3 0.07
177 150.8 1.01
177 174.5 1.76
177 199.9 2.99
254 6.6 0.02
254 30.9 0.04
254 55.1 0.05
254 70.5 0.04
254 108.7 0.4
254 120.9 0.71
254 141 0.89
254 160.3 1.63
254 188.9 3.11
254 226 6.36
254 315.6 13.16
254 350.4 15.62
254 367 17.38
254 401 18.72
254 424.8 20.41
254 481 26.3
254 495.1 27.56
255 7.4 0.01
255 17.4 0.01
255 26.9 0.02
255 35.3 0.01
255 46.3 0.01
255 60 0.01
255 75.1 0.01
255 100.6 0.01
255 125.9 0.18
255 150.3 0.75
255 175.1 1.28
255 201.6 2.08
274 6 0.02
274 7.6 0.06
274 52 0.07
274 75.7 0.04
274 111.8 0.08
274 149 0.96
274 184.9 2.66
274 238.6 6.06
274 281.3 8.81
274 322.2 11.81
274 380.6 15.59
274 426.6 21.61
274 460.9 26
275 7.5 0.01
275 17.5 0.01
275 26.2 0.01
275 34.6 0.01
275 45.4 0.01
275 59.8 0.01
275 76.7 0.01
275 101.5 0.03
275 125.9 0.15
275 150.5 1.28
275 175.4 2.49
275 200.3 3.9
300 7.2 0.01
300 499.8 27.88
300 8 0.01
300 44.5 0.01
300 82.7 0.02
300 110.9 0.17
300 164.2 0.74
300 218.8 2.6
300 273.7 6.04
300 310.3 7.91
300 347 12.81
300 395.2 16.35
300 442.9 23.12
301 6.5 0.02
301 16.2 0.03
301 25.4 0.02
301 35.5 0.03
301 45 0.03
301 60.9 0.03
301 75 0.03
301 100.2 0.03
301 126 0.18
301 150.2 0.56
301 175.8 0.87
301 199.9 1.24
330 6.9 0.03
330 499.9 28.88
330 7.7 0.01
330 44.6 0.03
330 85.2 0.01
330 112.2 0.23
330 157.9 0.63
330 204.4 1.95
330 269.1 6.54
330 344.5 12.36
330 387.2 16.65
330 429.4 22.4
330 450.3 24.37
330 493.1 29.22
331 6 0.03
331 15.8 0.02
331 24.2 0.02
331 34.6 0.03
331 45 0.01
331 60.2 0.02
331 74.8 0.03
331 100.1 0.09
331 125.4 0.39
331 149.9 0.78
331 174.2 1.44
331 200.7 2.15
354 7.1 0.04
354 499.5 28.82
354 70.5 0.01
354 85.7 0.01
354 122.4 0.82
354 155.1 2.46
354 209.6 5.67
354 262.2 9.22
354 316.5 13.16
354 356 16.1
354 421 22.32
354 461 26.12
355 6.7 0.03
355 17.1 0.03
355 25.2 0.04
355 35.4 0.06
355 45.6 0.07
355 61.6 0.08
355 75.2 0.09
355 100.6 0.37
355 124.9 0.82
355 149.3 1.47
355 175.7 2.13
355 200.4 4.21
15 5.2 0.01
15 6.2 0.01
15 50 0.01
15 95.4 0.13
15 140 1.29
15 182.3 3.37
15 240.9 7.75
15 297.6 11.87
15 352.5 16.68
15 391.8 20.79
15 412.4 23.01
15 430.5 26.31
15 462.6 29.8
16 35 0.01
16 45.8 0.01
16 100.9 0.02
16 125.2 0.55
16 150.2 1.25
16 174.7 1.94
16 200.3 4.08
45 5.4 0.01
45 6.1 0.05
45 43.8 0.01
45 98.7 0.18
45 249.7 8.17
45 290 11.08
45 300.1 11.92
45 339.4 16.48
45 388.4 21.59
45 421.3 24.39
45 467.4 28.64
46 6.2 0.01
46 16 0.01
46 25 0.01
46 34.9 0.01
46 60.6 0.01
46 100.4 0.08
46 125.6 0.97
46 150.7 1.72
46 175.2 2.7
46 199.8 4.67
64 7.3 0.02
64 7 0.06
64 41.9 0.09
64 83.5 0.12
64 126.2 0.03
64 164.2 1.48
64 203.7 3.52
64 240.2 5.99
64 304.2 12.54
64 353.5 16.44
64 402.6 22.05
64 440.2 25.63
64 478.1 29.22
65 7.5 0.01
65 16 0.01
65 35.7 0.01
65 45.6 0.01
65 60.5 0.01
65 75.5 0.01
65 100.6 0.02
65 125.5 0.46
65 150.6 0.78
65 175.1 1.58
65 199.8 2.93
100 6.4 0.07
100 499.7 28.96
100 4.7 0.08
100 51.4 0.06
100 99.3 0.04
100 115.2 0.02
100 158.3 0.11
100 200.1 0.32
100 225.3 2.03
100 272.5 5.64
100 335.3 12.05
100 376.2 15.73
100 424.2 22.03
100 489.7 28.64
101 4.9 0.02
101 15.3 0.02
101 25.3 0.02
101 34.9 0.02
101 44.7 0.03
101 60 0.03
101 75.1 0.02
101 99.8 0.02
101 124.9 0.03
101 150.1 0.08
101 175 0.15
101 200.3 1.31
151 5.5 0.06
151 5.4 0.09
151 24.1 0.09
151 60.5 0.02
151 81 0.02
151 143.2 0.4
151 186 1.8
151 240.7 4.81
151 282.6 9.38
151 325 11.8
151 375.2 15.76
151 419.5 22.16
151 487.8 28.76
152 4.8 0.01
152 25.6 0.01
152 35.2 0.01
152 44.6 0.01
152 75 0.01
152 99.3 0.01
152 124.9 0.03
152 149.9 0.89
152 175.4 1.21
152 202.3 1.61
181 5.4 0.04
181 499.7 29.47
181 32.1 0.01
181 77.9 0.04
181 130.8 0.56
181 159.8 2
181 215.8 6
181 259.9 8.04
181 303.2 12
181 350.1 15.2
181 403.3 21.5
181 430 25.43
181 456.2 28.08
181 498.3 31.4
182 5.3 0.01
182 15 0.01
182 24.8 0.01
182 35.1 0.01
182 45.3 0.01
182 59.6 0.01
182 75.5 0.01
182 99.6 0.02
182 124.8 0.03
182 148.9 0.64
182 174.9 1.73
182 199.8 4.28
257 5.4 0.08
257 5.2 0.01
257 63 0.02
257 79.6 0.07
257 89.3 0.04
257 107.2 0.11
257 128.5 0.59
257 176.7 2.49
257 241.5 7.18
257 306.9 11.93
257 347.5 14.71
257 402 21.29
257 442.6 25.29
257 485.2 28.86
258 5.3 0.02
258 15.2 0.02
258 24.7 0.03
258 35.5 0.03
258 44.5 0.03
258 60.8 0.03
258 75.5 0.03
258 100.4 0.06
258 124.8 0.45
258 150 1.18
258 175.6 2.47
258 200.1 3.38
286 499.8 32.4
286 4.6 0.06
286 51 0.05
286 79.1 0.04
286 96.6 0.06
286 129.2 0.64
286 193.1 3
286 240.6 7.34
286 310.8 13.81
286 358.5 16.25
286 409.9 21.6
286 481.2 29.19
287 5.6 0.03
287 14.8 0.02
287 24.4 0.02
287 34.9 0.02
287 44.6 0.02
287 59.9 0.02
287 75.2 0.02
287 100.1 0.03
287 124.7 0.08
287 151.6 0.72
287 175.3 1.06
287 201.2 2.69
325 6.8 0.05
325 81.2 0.03
325 89.7 0.03
325 111.7 0.17
325 156.6 2.12
325 223.2 5.67
325 262 9.26
325 299.5 11.74
325 340.7 14.35
325 409.7 21.57
325 478.2 28.61
326 5 0.02
326 15.1 0.01
326 25.4 0.01
326 35.4 0.01
326 43.8 0.01
326 60.3 0.01
326 75.2 0.02
326 100 0.08
326 125.6 0.44
326 150.6 1.83
326 175 2.99
326 201.2 4.07
350 4 0.01
350 499.9 30.31
351 25 0.04
351 117.4 0.05
351 126.5 0.07
351 141.8 0.37
351 205.5 2.31
351 257.3 6.71
351 308.7 9.83
351 335.1 14.51
351 369.1 18.85
351 460.8 25.73
351 478.3 27.51
351 7.8 0.02
351 14.2 0.02
351 26.3 0.02
351 35.6 0.02
351 45.3 0.01
351 59.1 0.02
351 75.5 0.04
351 100.3 0.04
351 127.1 0.37
351 150.7 0.7
351 175.6 1.16
351 199.8 1.79
55 5.5 0.04
55 4.8 0.05
55 24.4 0.04
55 75.5 0.05
55 107.6 0.07
55 142.5 0.13
55 192.1 2.01
55 236.9 4.54
55 259.5 7.2
55 289.5 10.26
55 331.1 14.44
55 372.8 17.89
55 413.3 23.58
55 453 26.58
55 495.3 30.09
56 4.8 0.02
56 15.2 0.03
56 25 0.03
56 35.4 0.03
56 45 0.02
56 61.1 0.01
56 74.8 0.01
56 100.6 0.02
56 125.2 0.03
56 150.2 0.07
56 176.6 0.39
56 199.7 1.56
89 7 0.02
89 73.3 0.03
89 138.9 0.19
89 165.3 0.86
89 172.4 0.89
89 221.5 2.72
89 274.3 5.21
89 342.3 11.67
89 385.3 14.28
89 435.1 22.25
89 474.9 26.53
89 5.1 0.02
89 4.5 0.02
89 14 0.01
89 45 0.01
89 60 0.01
89 98.9 0.01
89 123.6 0.1
89 152.1 0.38
89 173.8 0.48
89 198.2 1.14
111 4.4 0.02
111 499.9 29.21
111 4.7 0.01
111 50.6 0.02
111 70.2 0.03
111 116.2 0.66
111 131.6 1.04
111 165.8 2.84
111 236.2 6.38
111 249.8 7.91
111 308.2 13.67
111 359.1 18.23
111 404.3 22.88
111 460.5 27.62
111 485.7 29.66
112 6 0.01
112 14.9 0.01
112 24 0.02
112 35.2 0.01
112 44.7 0.01
112 59.8 0.01
112 75.2 0.01
112 98.9 0.01
112 125.1 0.24
112 149 1.08
112 174.3 1.87
112 200.1 3.88
143 7 0.08
143 499.8 29.07
143 8.2 0.03
143 86.1 0.03
143 120.7 0.03
143 163.8 0.6
143 235.2 2.73
143 304.9 7.2
143 370 13.88
143 407.2 17.76
143 450.4 21.35
143 479.9 25.47
144 4.4 0.01
144 14.3 0.02
144 24.7 0.01
144 34.7 0.02
144 43.6 0.02
144 59.1 0.03
144 75.1 0.02
144 99.9 0.02
144 125.2 0.03
144 149.8 0.13
144 175.2 0.42
144 199.7 0.89
170 4.7 0.01
170 499.9 29
170 7 0.04
170 46 0.05
170 86.1 0.04
170 125.2 0.53
170 139.8 0.78
170 150.9 0.96
170 215.6 2.38
170 275.5 6.93
170 320.2 11.01
170 347.9 14.27
170 379 17.99
170 415.7 22.19
170 480.8 27.79
170 487.8 28.68
171 6.4 0.01
171 15.3 0.02
171 24.1 0.01
171 35.2 0.01
171 44 0.01
171 60.2 0.01
171 74.7 0.01
171 100.9 0.01
171 125.6 0.01
171 149.9 0.08
171 174.5 0.72
171 199.4 1.04
200 6.1 0.08
200 499.4 30.91
200 7.8 0.07
200 112.2 0.35
200 120.2 1.02
200 164.7 2.15
200 239.2 7.44
200 260 8.92
200 304.9 12.37
200 340.8 15.88
200 386.7 22.24
200 454.8 29
200 470.3 30.49
201 6.1 0.02
201 14.4 0.02
201 25.7 0.02
201 35.6 0.03
201 44.6 0.02
201 59.7 0.03
201 75.7 0.03
201 99.3 0.03
201 125.9 0.02
201 150.3 1.28
201 173.6 1.77
201 199.9 3.07
224 5.8 0.01
224 4.5 0.14
224 35.7 0.13
224 45.1 0.13
224 78.4 0.07
224 110.1 1.01
224 126.3 2.09
224 151.1 3.92
224 183.6 5.8
224 199.5 7.84
224 255.2 12.13
224 286.9 14.96
224 355.5 19.18
224 440.3 28.25
224 480 31.42
225 4.6 0.02
225 15.5 0.03
225 25.5 0.03
225 35.3 0.03
225 46.2 0.04
225 60.6 0.02
225 75.3 0.02
225 100.2 0.04
225 125 1.44
225 149.4 3.47
225 176.3 4.66
225 199.7 5.35
286 5.2 0.01
286 63.3 0.01
286 74.3 0.03
286 95.1 0.03
286 127.6 1.39
286 184.4 4.11
286 199 5.7
286 277.9 12.52
286 318.8 15.72
286 390.6 22.38
286 432.8 27.06
286 475.6 30.17
287 5.7 0.02
287 15.7 0.02
287 25.1 0.02
287 35.2 0.02
287 45 0.01
287 59.7 0.01
287 75.1 0.03
287 100 0.04
287 125.1 0.23
287 149.6 1.68
287 175.3 2.55
287 200.5 4.78
317 6.9 0.05
317 60.6 0.04
317 70.8 0.01
317 90.7 0.3
317 125.4 1.88
317 165.1 3.38
317 203.5 5.99
317 240.1 9.78
317 277.1 11.92
317 314.9 15.29
317 368.7 20.16
317 430.5 28.17
317 479.1 32.93
318 4.8 0.03
318 16.3 0.04
318 24.8 0.04
318 34.6 0.03
318 44.2 0.03
318 60.1 0.04
318 74.9 0.03
318 100.7 0.05
318 124.4 0.45
318 150 1.56
318 174.7 3.28
318 200.4 4.5
342 5.4 0.02
342 5.4 0.02
342 63.2 0.01
342 84.4 0.02
342 105.5 0.16
342 152.4 1.77
342 186.8 3.63
342 222 5.94
342 260.9 8.68
342 300.3 12.16
342 340.4 14.76
342 404.3 21.26
342 457.9 26.97
342 492.9 30.67
343 4.9 0.03
343 15.4 0.04
343 24.9 0.04
343 34.6 0.05
343 44.8 0.06
343 61.3 0.02
343 74.6 0.01
343 100.5 0.04
343 125.7 0.28
343 149.8 0.97
343 175.9 2.16
343 200.2 4.06
15 1.25 0.0263535620179027
15 5 0.0209543826058507
15 10 0.0168314365437254
15 15 0.0143183030886576
15 20 0.0175406214548275
15 25 0.0166032764827833
15 30 0.0157061519566923
15 35 0.0456995295826346
15 40 0.0448590012965724
15 45 0.045135302352719
15 50 0.0469507126836106
15 55 0.048535362817347
15 60 0.0499412049539387
15 65 0.044815361732617
15 70 0.0437779847998172
15 75 0.0460446234792471
15 80 0.058328254846856
15 85 0.0560591293033212
15 90 0.0640869198832661
15 95 0.0808097473345697
15 105 0.106377930846065
15 125 0.504162061959505
15 150 1.20581611990929
15 175 2.0189692825079
15 200 2.93596053123474
15 225 4.67010951042175
15 250 6.51779055595398
15 275 8.50128507614136
15 300 10.7973970174789
15 325 13.2878543138504
15 350 14.9616945981979
15 375 17.508956193924
15 400 19.9699649810791
15 425 22.2566795349121
15 450 24.5096790790558
15 475 26.7027771472931
15 493.75 29.0869061946869
45 1.25 0.017220722627826
45 5 0.0196181542705745
45 10 0.0171308163553476
45 15 0.0129977063043043
45 20 0.0115156701067463
45 25 0.0135389481438324
45 30 0.013382475473918
45 35 0.0133666385663673
45 40 0.0141395886894315
45 45 0.0156929010991007
45 50 0.018334241816774
45 55 0.0226549420040101
45 60 0.0267298317048699
45 65 0.0259778846520931
45 70 0.0289900142233819
45 75 0.0326133957132697
45 80 0.0363980813417584
45 85 0.039767081849277
45 90 0.053078178782016
45 95 0.0678359041921794
45 105 0.0980001017451286
45 125 0.514148011803627
45 150 1.32254998385906
45 175 2.26135385036469
45 200 3.35074692964554
45 225 4.91484272480011
45 250 6.46470803022385
45 275 8.37686032056808
45 300 10.2875037193298
45 325 12.3056354522705
45 350 14.4318881034851
45 375 16.9707541465759
45 400 19.450275182724
45 425 21.8775672912598
45 450 24.6140840053558
45 475 27.1762392520905
45 493.75 29.4824547767639
75 1.25 0.0355452657677233
75 5 0.0321787085849792
75 10 0.0296577834524214
75 15 0.0247716493904591
75 20 0.0232825722778216
75 25 0.0193468007491902
75 30 0.0187264792621136
75 35 0.0265197216067463
75 40 0.0270643820986152
75 45 0.0262004814576358
75 50 0.0272708800621331
75 55 0.0251068582292646
75 60 0.0259567459579557
75 65 0.0278922074940056
75 70 0.0314543170388788
75 75 0.029711744049564
75 80 0.0362684414722025
75 85 0.0363395316526294
75 90 0.0422468087635934
75 95 0.0490921731106937
75 105 0.0693615381605923
75 125 0.452926475554705
75 150 1.3197678476572
75 175 1.95033241808414
75 200 3.36678427457809
75 225 4.82701641321182
75 250 6.3945118188858
75 275 8.52062463760376
75 300 10.5157122612
75 325 12.5410805940628
75 350 14.4257643222809
75 375 16.7396991252899
75 400 19.3964273929596
75 425 22.1437480449677
75 450 24.8356976509094
75 475 27.4981257915497
75 493.75 30.1181864738464
105 1.25 0.0134429376921616
105 5 0.0257685247343034
105 10 0.0273297799285501
105 15 0.0193562146741897
105 20 0.0200401919428259
105 25 0.0190812794025987
105 30 0.0222229398787022
105 35 0.0231433704029769
105 40 0.0202021016739309
105 45 0.0145301978336647
105 50 0.0135222246171907
105 55 0.0164186859037727
105 60 0.0253938192036003
105 65 0.0295939191710204
105 70 0.0342463748529553
105 75 0.0408454195130616
105 80 0.0397522784769535
105 85 0.0338051244616508
105 90 0.0292615324724466
105 95 0.0600670552812517
105 105 0.0783843282843009
105 125 0.480017133057117
105 150 1.26477616280317
105 175 2.20110182464123
105 200 3.33377411961555
105 225 4.81904721260071
105 250 6.67633843421936
105 275 8.55452024936676
105 300 10.6378964185715
105 325 12.8464204072952
105 350 14.9517161846161
105 375 17.0348479747772
105 400 19.1415193080902
105 425 21.517308473587
105 450 23.9331662654877
105 475 26.52876329422
105 493.75 29.2852051258087
135 1.25 0.0467882128432393
135 5 0.0474634587299079
135 10 0.0237964870175347
135 15 0.0227415687404573
135 20 0.0234999150270596
135 25 0.0268503384431824
135 30 0.0233894877601415
135 35 0.0214988150401041
135 40 0.0224267842713743
135 45 0.0235470796469599
135 50 0.0309122062753886
135 55 0.0402270324993879
135 60 0.0366961234249175
135 65 0.0437955898232758
135 70 0.0395437921397388
135 75 0.0422135512344539
135 80 0.0446583293378353
135 85 0.0496519999578595
135 90 0.0610967455431819
135 95 0.0648017891217023
135 105 0.0725335648749024
135 125 0.273085803724825
135 150 0.95095457136631
135 175 1.84865039587021
135 200 2.8510774075985
135 225 4.31412079930305
135 250 5.85587292909622
135 275 7.60914576053619
135 300 9.53503119945526
135 325 11.5327231884003
135 350 13.6594284772873
135 375 15.9716891050339
135 400 18.5083436965942
135 425 20.8977301120758
135 450 23.1642620563507
135 475 25.5320568084717
135 493.75 28.03209400177
165 1.25 0.0142412560526282
165 5 0.0128649587277323
165 10 0.0147119206376374
165 15 0.0185003512888215
165 20 0.0189841408864595
165 25 0.0210344549559522
165 30 0.0182353132986464
165 35 0.0157298445701599
165 40 0.0176915650372393
165 45 0.0249856892041862
165 50 0.0224225653801113
165 55 0.0294177194591612
165 60 0.0296289104735479
165 65 0.0297474924009293
165 70 0.0268435252364725
165 75 0.0274210802745074
165 80 0.0258884449722245
165 85 0.0252570915035903
165 90 0.0267839261796325
165 95 0.0248845928072114
165 105 0.0219888022402301
165 125 0.259539776481688
165 150 0.930710516870022
165 175 1.75478175282478
165 200 2.81133151054382
165 225 5.14398580789566
165 250 6.58804601430893
165 275 8.19681751728058
165 300 10.1692234277725
165 325 12.4229488372803
165 350 14.6525650024414
165 375 16.7155542373657
165 400 18.4910893440247
165 425 21.1349520683289
165 450 23.8808581829071
165 475 26.3983798027039
165 493.75 28.5195960998535
195 1.25 0.0133613031357527
195 5 0.00857648148667067
195 10 0.0128722401568666
195 15 0.0116493152454495
195 20 0.0107136315782554
195 25 0.0109380777576007
195 30 0.0107653851737268
195 35 0.0114884327631444
195 40 0.0107759271049872
195 45 0.0119109558872879
195 50 0.00991146999876946
195 55 0.0129868265939876
195 60 0.0117451203987002
195 65 0.0124468504218385
195 70 0.0142966279527172
195 75 0.0151234627701342
195 80 0.0145642792340368
195 85 0.0181038768496364
195 90 0.035375960636884
195 95 0.0531167616136372
195 105 0.0733087039552629
195 125 0.506405621767044
195 150 1.38983902335167
195 175 2.27720442414284
195 200 3.3398449420929
195 225 4.56610363721848
195 250 6.37876164913177
195 275 8.46548795700073
195 300 10.3862769603729
195 325 12.1428638696671
195 350 14.4979594945908
195 375 16.7269229888916
195 400 18.7499091625214
195 425 21.2381267547607
195 450 24.0005943775177
195 475 26.6025881767273
195 493.75 29.421192407608
225 1.25 0.0302491454640403
225 5 0.0314200734719634
225 10 0.034689980559051
225 15 0.0360018666833639
225 20 0.0434593935497105
225 25 0.0389260244555771
225 30 0.0388291899580508
225 35 0.0405080649070442
225 40 0.0411221366375685
225 45 0.0443184375762939
225 50 0.0401747850701213
225 55 0.0470549394376576
225 60 0.0415390720590949
225 65 0.0379091803915799
225 70 0.0376297682523727
225 75 0.0497121498920023
225 80 0.0469212862662971
225 85 0.0446848697029054
225 90 0.0398694784380496
225 95 0.0597603586502373
225 105 0.0860092949587852
225 125 0.532599706202745
225 150 1.44194950163364
225 175 2.45723965764046
225 200 3.61550426483154
225 225 5.13221871852875
225 250 7.36675846576691
225 275 9.1372035741806
225 300 11.0512104034424
225 325 13.1362187862396
225 350 15.8148056268692
225 375 17.6521735191345
225 400 19.9711933135986
225 425 22.6482374668121
225 450 25.7146995067596
225 475 27.6787433624268
225 493.75 30.807302236557
255 1.25 0.0292464813683182
255 5 0.0353298878762871
255 10 0.0390990111045539
255 15 0.0262087557930499
255 20 0.0273020747117698
255 25 0.0249141413951293
255 30 0.021766000543721
255 35 0.022662858478725
255 40 0.0244754359591752
255 45 0.0251534627750516
255 50 0.0241795377805829
255 55 0.025999695295468
255 60 0.0245626245159656
255 65 0.0216027698479593
255 70 0.0266197591554374
255 75 0.0288828772027045
255 80 0.0322399423457682
255 85 0.0365439916495234
255 90 0.0459965211339295
255 95 0.0647052424028516
255 105 0.0628967417869717
255 125 0.327630103565753
255 150 1.31628385186195
255 175 1.89873692393303
255 200 3.75337558984756
255 225 4.51967459917068
255 250 6.31112062931061
255 275 8.17035681009293
255 300 10.0929518938065
255 325 12.2352433204651
255 350 14.5298712253571
255 375 16.7216421365738
255 400 19.2671496868134
255 425 21.5746548175812
255 450 24.3542327880859
255 475 26.9748454093933
255 493.75 29.8149704933167
285 1.25 0.013520518084988
285 5 0.00801682675955817
285 10 0.0144502791808918
285 15 0.0141225719125941
285 20 0.0160424375208095
285 25 0.0144587698159739
285 30 0.012903634342365
285 35 0.0128745386609808
285 40 0.0116511083906516
285 45 0.0111223567510024
285 50 0.0106581560685299
285 55 0.0130106162978336
285 60 0.0131112431699876
285 65 0.0145359570451546
285 70 0.016234812035691
285 75 0.0185375780565664
285 80 0.0200202406849712
285 85 0.0211321210954338
285 90 0.026137568987906
285 95 0.0331319239921868
285 105 0.0444655341561884
285 125 0.403854206204414
285 150 1.18829084932804
285 175 2.06932310760021
285 200 3.57915824651718
285 225 4.98570215702057
285 250 6.68825173377991
285 275 8.4724668264389
285 300 10.3549520969391
285 325 12.3341077566147
285 350 14.2521022558212
285 375 17.0818911790848
285 400 19.0698337554932
285 425 21.6684074401855
285 450 24.2815113067627
285 475 27.1976263523102
285 493.75 29.8883090019226
315 1.25 0.0113242638180964
315 5 0.0103437046636827
315 10 0.0220056639518589
315 15 0.0228804848156869
315 20 0.0191025421954691
315 25 0.0197648415341973
315 30 0.0174235753947869
315 35 0.0144359080586582
315 40 0.0114318703417666
315 45 0.011041532154195
315 50 0.0202119803288952
315 55 0.0227861278690398
315 60 0.0162177139427513
315 65 0.0183910133782774
315 70 0.0222567109158263
315 75 0.0249797331634909
315 80 0.0254072602838278
315 85 0.0280713834799826
315 90 0.0282265502028167
315 95 0.0236370323691517
315 105 0.0567812789231539
315 125 0.57661309838295
315 150 1.26162968575954
315 175 2.29875934123993
315 200 3.54570040106773
315 225 4.91165810823441
315 250 6.49564409255981
315 275 8.96903872489929
315 300 10.6499450206757
315 325 13.0086847543716
315 350 15.4702739715576
315 375 17.6462597846985
315 400 19.9895660877228
315 425 22.355263710022
315 450 25.019517660141
315 475 27.6628510951996
315 493.75 30.2694435119629
345 1.25 0.0206734805833548
345 5 0.0163879146566615
345 10 0.0212008156813681
345 15 0.0211425840388983
345 20 0.0222454550676048
345 25 0.0224640120286494
345 30 0.0211242877412587
345 35 0.0242181753274053
345 40 0.0241944608278573
345 45 0.0269419883843511
345 50 0.0288812865037471
345 55 0.033488999819383
345 60 0.0343868993222713
345 65 0.0272092998493463
345 70 0.0252123679965734
345 75 0.0410582376644015
345 80 0.0481300130486488
345 85 0.0564153655432165
345 90 0.0702282162383199
345 95 0.0837101191282272
345 105 0.11282803863287
345 125 0.59449964761734
345 150 1.34938295185566
345 175 2.40649557113647
345 200 3.89149111509323
345 225 4.81818795204163
345 250 6.91962844133377
345 275 8.84780728816986
345 300 10.8948627710342
345 325 12.9247767925262
345 350 15.2054612636566
345 375 17.5395123958588
345 400 19.9501979351044
345 425 22.4647850990295
345 450 24.9396800994873
345 475 27.2949085235596
345 493.75 29.8466744422913
