"DOY" "Depth" "DOC"
20 9.1 89.65
20 24.7 86.04
20 35.6 83.79
20 45.3 84.96
20 75.5 80.76
20 86.1 82.71
20 95.3 75.58
20 104 70.7
20 130.4 74.8
48 5.1 85.85
48 14.9 79.99
48 24.3 88.49
48 45.4 78.42
48 74.3 72.46
48 104.7 66.21
48 124.5 63.77
48 151.5 60.55
48 175.4 59.77
104 3.8 91.6
104 26 89.45
104 34.9 86.62
104 44.4 88.58
104 60.2 81.84
104 75.5 85.64
104 85.4 74.51
104 95.9 69.63
104 104.9 71.29
104 115 70.16
104 125 69.04
104 134.9 70.5
104 150.4 71.09
104 176.2 70.7
104 196.2 60.2
141 6.5 78.42
141 14.8 79.3
141 24.5 79.2
141 34.9 84.86
141 45 81.15
141 55.1 80.57
141 85 79.2
141 95.3 76.37
141 106.3 76.76
141 116.4 75.58
141 124.5 71.68
141 134.8 73.43
141 150.1 74.7
141 176.4 75.19
257 5.4 115.9
257 15.6 115.81
257 25.6 112.49
257 36.7 105.36
257 46.6 100.57
257 61.4 84.95
257 76.2 85.73
257 86.5 72.16
257 96.4 73.92
257 105.9 74.41
257 116.2 72.02
257 125.6 70.7
257 136.3 70.31
257 177.7 67.88
302 7.1 94.33
302 17.2 91.4
302 37.3 79.88
302 48.4 77.04
302 58.5 78.99
302 80.3 73.82
302 78.9 73.04
302 93.4 71.18
302 105.2 72.46
302 117.8 72.11
302 118.7 66.5
302 125 69.23
302 138.4 68.65
302 148.9 59.47
302 163.4 55.91
302 176.8 56.55
302 197.4 56.26
20 7.5 74.31
20 17.1 73.73
20 27.3 72.85
20 36.7 78.22
20 62.9 87.69
20 76.6 79.39
20 85.8 67.87
20 96.1 77.43
20 106.4 77.43
20 114.6 83.98
20 125.7 83.3
20 136.4 72.85
20 153.1 69.82
20 168.8 69.72
48 174.9 59.08
48 199 61.04
48 4.8 99.13
48 15 95.52
48 25.4 92.58
48 35 88.67
48 44.9 82.42
48 61.4 80.85
48 77.8 84.37
48 85.6 85.64
48 95.4 92.57
48 106.1 93.45
48 114.4 95.3
48 125.5 90.23
48 135.2 82.9
48 150.4 70.31
68 4.6 79.1
68 14.9 79.3
68 25.2 82.52
68 36.8 79.29
68 45.5 82.03
68 60.1 82.12
68 75 71.48
68 83.3 67.18
68 95.2 61.22
68 104.9 64.84
68 115.9 60.78
68 125.8 69.43
68 135 70.99
68 149.2 67.76
68 174.7 69.72
69 4.5 78.91
69 24.4 88.18
69 44.5 84.86
69 74.7 94.33
69 99.4 90.62
69 124.6 84.56
69 141 74.41
69 145.1 69.82
69 150 62.59
69 154.6 66.2
69 160.5 67.96
69 176.1 67.18
170 5.1 100.7
170 14.9 88.2
170 24.7 86.54
170 35.3 93.37
170 44.6 101.28
170 59.7 100.49
170 75.4 91.4
170 84.7 94.23
170 95.7 85.74
170 105.1 83.79
170 113.8 82.76
170 125.3 86.61
170 136.6 90.32
170 150.6 81.14
170 157.4 74.8
170 175.1 56.05
170 185.2 54.39
206 4.7 90.05
206 14.8 84.39
206 24.6 93.47
206 34.2 81.26
206 43.8 93.67
206 59.8 84.48
206 74.3 82.72
206 84.3 86.72
206 94.9 74.31
206 104.2 63.77
206 115.3 64.25
206 124.2 60.54
206 134.4 64.84
206 149.6 54.68
206 175 73.83
242 4.4 90.05
242 4.5 88.49
242 14.6 85.56
242 25.2 83.8
242 35.2 81.55
242 44.6 81.41
242 59.6 77.35
242 75.9 76.07
242 85 71.48
242 94.4 67.97
242 105.5 66.69
242 115 62.5
242 125.1 59.76
242 135.4 60.54
242 150.4 60.06
242 175.6 56.84
243 5.1 84
243 9.9 82.73
243 25.4 81.07
243 45 78.43
243 59.8 74.71
243 74.4 68.84
243 100.2 63.67
243 149.6 64.45
243 165.6 63.77
243 174.8 63.08
266 5.4 86.64
266 15.1 95.04
266 25 89.47
266 35 88.49
266 44.6 103.05
266 59.9 103.04
266 75.2 91.02
266 84.9 89.36
266 95.1 88.19
266 105.2 98.92
266 115.6 100
266 124.1 99.7
266 135.5 92.28
266 149.6 86.42
266 174.4 88.27
266 200 72.95
267 5.7 112.03
267 25.5 95.62
267 45.7 89.08
267 75.6 99.91
267 85.3 99.52
267 95.3 86.04
267 100.5 79.2
267 111.7 83.1
267 126.1 64.94
267 150.9 62.2
267 174.6 68.26
288 4.4 100.7
288 5 103.62
288 14.6 101.67
288 25 107.53
288 34.3 99.43
288 44.6 91.61
288 59.5 92.78
288 74.5 90.93
288 84.2 84.48
288 94.7 79.1
288 104.7 80.67
288 124.7 74.41
288 134.8 78.02
288 149.5 74.99
288 159.4 73.53
288 174.4 74.02
288 185.4 69.72
324 5.3 117.1
324 14.8 112.7
324 25.2 110.65
324 34.2 95.91
324 43.2 89.17
324 58.7 81.26
324 74 89.46
324 86.5 93.36
324 94.9 88.28
324 102.3 82.32
324 115.7 79.49
324 125.2 78.9
324 135.4 72.84
324 150.6 73.63
324 173 70.11
324 200 64.75
324 5.6 116.71
324 26.1 110.65
324 45.9 103.62
324 76.1 102.55
324 90.1 100.79
324 99.4 93.35
324 109.9 86.81
324 128.6 82.51
324 149.4 69.13
324 175.9 64.55
37 4.9 101.04
37 14.9 100.45
37 23.2 99.18
37 34.1 103.67
37 43.8 101.81
37 59.8 98.47
37 74.9 96.6
37 84.8 95.13
37 95.5 94.45
37 104.3 92.49
37 113.5 90.73
37 120.3 87.21
37 123.8 83.5
37 133.6 79.4
37 149.8 74.9
37 175.1 69.64
37 199.5 65.92
38 5.6 99.47
38 24.5 101.13
38 44.8 97.9
38 75.7 94.16
38 101.2 89.17
38 114.2 86.63
38 123.9 81.45
38 134.3 84.18
38 140.8 75.69
38 150.9 71.78
38 174.6 66.71
63 5.5 96.12
63 15 95.24
63 25.5 94.27
63 34 94.75
63 44.7 93.56
63 57.9 93.27
63 78 93.56
63 85.2 91.99
63 96 91.6
63 106.3 89.94
63 111.9 88.68
63 123.6 85.07
63 134.2 83.1
63 149.2 78.51
63 174.9 73.54
63 200 66.9
64 4.8 93.77
64 25.4 92.89
64 44.8 91.61
64 74.5 92.48
64 100.8 92.77
64 124.3 83.31
64 150.6 81.45
64 174 74.71
96 4.5 89.39
96 14.6 91.83
96 25.1 93.01
96 33.6 90.86
96 44.8 92.03
96 60.9 89.88
96 75.2 92.02
96 84.9 88.89
96 93.3 84
96 104.5 84.29
96 124 83.41
96 134.9 77.93
96 149.2 76.56
96 160.2 70.02
96 173.8 66.01
97 4.7 87.93
97 24.5 92.03
97 44.4 89.1
97 74.2 88.6
97 100.6 83.7
97 125.8 81.45
97 134.3 78.42
97 137.5 76.56
97 145.4 78.22
97 149.5 77.15
97 174.6 66.5
127 5 86.64
127 9.7 88.01
127 24.7 85.37
127 45 85.96
127 59.5 84.87
127 84.3 79.39
127 104.8 75.58
127 124.3 72.26
127 149.8 69.53
127 174.7 65.43
211 5 112.61
211 14.7 115.64
211 24.4 110.36
211 35 107.43
211 45.1 101.72
211 60.1 92.49
211 74.9 90.92
211 85 87.3
211 95.6 84.96
211 104.7 84.08
211 114.6 82.22
211 124.5 77.97
211 133.8 73.63
211 149.5 68.35
211 174.3 65.82
240 4.7 88
240 14.3 86.63
240 25 84.38
240 44.3 81.55
240 60.3 82.52
240 74.4 80.08
240 84.3 78.8
240 94.7 85.88
240 105.2 81.05
240 114.8 80.46
240 124.8 78.12
240 135.4 76.85
240 149.6 73.24
240 160 68.55
240 173.3 66.8
270 5 83.41
270 14.1 81.26
270 24.8 84
270 35 79.31
270 45.5 76.43
270 60.4 78.52
270 74.5 74.9
270 85 72.85
270 93.9 73.53
270 104.1 69.14
270 114.4 68.16
270 124 65.33
270 134.1 64.16
270 149.1 64.26
270 174.4 65.82
300 199.4 56.65
300 4.6 95.22
300 13.6 91.8
300 24.4 93.46
300 44.3 91.21
300 59.4 88.87
300 75 88.67
300 84.9 84.38
300 104.1 78.22
300 114.9 73.82
300 124.8 75
300 134.7 69.82
300 149.1 65.82
300 158.3 61.04
300 174.3 58.79
321 5 105.58
321 14.1 102.06
321 24 101.38
321 34.5 98.15
321 44.3 99.81
321 60.9 94.15
321 74.5 95.12
321 85.5 93.16
321 94.1 96.38
321 104.3 91.4
321 114.3 88.57
321 125 86.33
321 134.5 83.3
321 149.9 79.3
321 175.1 74.23
17 4.6 101.09
17 14.5 97.28
17 24.9 96.79
17 34.8 95.62
17 44.8 91.08
17 59.6 85.36
17 74.6 82.92
17 84.3 76.96
17 94.4 71.29
17 104.4 69.87
17 114.4 67.77
17 124.8 63.47
17 134.9 57.91
17 149.5 56.05
17 174.4 57.33
87 4.8 115.25
87 13.1 107.93
87 24.4 110.86
87 34 103.34
87 44.3 103.49
87 58.8 105
87 72.8 103.33
87 84.4 98.83
87 95.2 95.51
87 104.6 96.53
87 114.7 87.6
87 123.7 85.5
87 134 82.13
87 148.7 84.48
87 173 79.59
87 199.6 74.52
115 4.6 118.88
115 14.9 125.03
115 23.6 116.24
115 34.3 115.26
115 44.1 100.02
115 59 91.23
115 74.1 84.78
115 84.4 84.48
115 94.2 85.16
115 104.1 77.2
115 114.8 74.81
115 123.9 61.91
115 134.5 61.33
115 150.5 62.99
115 174.5 60.84
143 5.1 109.98
143 15.3 106.36
143 24.6 100.69
143 35.1 113
143 44.5 108.26
143 61.1 89.26
143 75.1 85.06
143 85 90.23
143 94.3 82.13
143 105.1 83.45
143 116.3 80.96
143 125 77
143 134.8 71.39
143 149 67.09
143 175.1 67.77
178 4 91.06
178 14.7 94.48
178 24.6 92.91
178 35.2 93.6
178 45 81.02
178 74.4 74.22
178 84.5 78.61
178 94.9 86.42
178 104.7 86.62
178 114.5 80.56
178 124.1 76.61
178 134 77.15
178 150 82.71
178 159 77.63
178 174.6 75.39
178 184.6 72.56
209 4.5 93.88
209 14.4 88.02
209 24.3 84.6
209 33.9 87.04
209 44.6 81.33
209 58.9 78.05
209 74.8 71.59
209 84.5 66.9
209 95.1 71.88
209 103.8 69.19
209 113.7 70.31
209 124.2 69.09
209 134.2 63.86
209 150.2 60.15
209 174.3 60.65
209 199.9 58.69
234 5.2 102.66
234 14.8 97.98
234 25.2 94.26
234 34.6 92.21
234 44.9 87.23
234 59.8 80.68
234 74.5 76.57
234 84.6 75.29
234 95 71.78
234 104.4 69.09
234 114.2 72.46
234 125.3 69.04
234 135.7 68.46
234 150.4 66.89
234 176 62.99
234 199.8 61.53
276 3.8 103.24
276 14.2 102.94
276 24.2 99.72
276 34.9 106.46
276 43.6 102.94
276 59.6 99.81
276 73.8 95.11
276 84.6 95.6
276 94.5 95.02
276 103.7 90.28
276 115.3 86.91
276 124.3 83.01
276 134.8 75.68
276 148.7 75.59
276 159.4 71.49
276 175.1 68.95
276 183.8 64.26
276 199.9 63.19
304 4.3 100.78
304 14.7 101.27
304 24.2 98.83
304 34.9 102.74
304 43.7 101.91
304 59.6 95.51
304 74.1 97.56
304 84.4 94.33
304 95.4 95.41
304 104.4 92.87
304 114.2 88.77
304 123.8 82.03
304 135.2 78.71
304 149.7 75.1
304 175.2 76.76
346 4.3 120.32
346 14.6 116.42
346 24.2 115.34
346 35 111.63
346 44.5 108.07
346 59.5 104.31
346 74.2 101.96
346 83.9 100.99
346 95.7 96.79
346 105.1 92.14
346 114.6 88.87
346 125 84.33
346 135.4 77.83
346 149.4 73.63
346 174.7 72.27
346 199.9 69.55
8 4.3 104.31
8 14.2 108.6
8 24.3 111.14
8 34.4 108.21
8 44.2 98.4
8 59.3 95.9
8 75 99.42
8 84.8 97.17
8 94.4 92.97
8 104.5 87.5
8 114.1 78.91
8 124.9 77.73
8 134.9 75.1
8 149.9 76.27
8 175 75.3
8 199.8 68.76
49 4.5 94.93
49 15.2 95.42
49 24.5 98.16
49 33.9 97.47
49 44.4 94.35
49 60.1 91.81
49 74.5 86.24
49 84.4 82.82
49 94.2 87.61
49 104.7 85.8
49 114.4 86.73
49 124.5 81.7
49 135.8 83.01
49 150 78.91
49 174.1 76.95
71 4.5 101.18
71 14.5 100.88
71 24.8 99.12
71 35.5 94.73
71 44.6 98.54
71 59.9 98.05
71 75.2 95.12
71 85.5 89.75
71 95 90.04
71 105 89.4
71 115.4 88.28
71 124.2 85.3
71 134.9 85.55
71 150.2 86.72
71 174.6 83.61
99 5.1 94.44
99 15.2 94.74
99 25.4 88.68
99 34.9 89.85
99 44.3 93.27
99 60.1 92.09
99 75 94.53
99 85.1 91.31
99 95 96.59
99 105.1 89.56
99 115.1 90.44
99 125 83.41
99 134.8 87.8
99 149.9 83.02
99 175.1 80
127 4.2 94.94
127 14.7 99.53
127 25 98.55
127 34.6 96.89
127 45.3 93.96
127 59.9 91.91
127 74.6 94.84
127 85 91.32
127 95.1 88
127 104.5 87.46
127 115.3 86.24
127 124.6 79.99
127 134.4 73.15
127 149.1 71.88
127 174.1 70.7
127 199.8 69.83
155 5.2 104.8
155 15.3 101.38
155 24.7 106.95
155 35.2 102.07
155 45.6 93.47
155 60.6 92.39
155 75.4 88.88
155 85.1 88.98
155 94.9 89.26
155 104.6 87.36
155 114.6 85.75
155 124.6 82.42
155 134.8 78.81
155 149.3 77.15
155 175 78.81
155 199.9 80.38
190 5.1 123.15
190 14.8 118.07
190 24.4 118.17
190 35.8 112.11
190 45.3 108.94
190 59.4 110.06
190 75.3 103.13
190 84 102.06
190 94.3 96.98
190 104.3 96.88
190 115 90.04
190 124.3 84.52
190 134.5 80.37
190 150.1 74.12
190 174.2 74.71
214 4.6 102.15
214 14.3 99.12
214 24.9 94.33
214 43.9 90.52
214 59.9 87.79
214 85.1 83.89
214 101.7 78.86
214 124.7 72.85
214 149.5 69.92
214 175 69.83
214 199.6 73.25
268 4.5 92.76
268 14 101.65
268 25.2 98.33
268 44.7 101.85
268 75.5 92.19
268 104.6 103.23
268 114.1 96.58
268 125 90.14
268 149.6 87.4
268 174.3 83.89
268 198.4 78.32
339 5.3 96.09
339 14.6 90.13
339 25.3 92.77
339 33.2 87.2
339 43.6 85.93
339 59.4 87.4
339 73.8 86.62
339 84.5 84.18
339 95.3 80.86
339 106.7 79.63
339 115.2 70.41
339 124.5 68.55
339 134 68.85
339 148.7 69.73
339 159.4 64.84
339 173.6 63.29
339 185.2 75.1
11 4.6 104.1
11 14.7 101.95
11 24.6 102.04
11 34.6 101.65
11 43.6 98.19
11 59.1 97.25
11 75.3 92.37
11 84.9 94.13
11 94.8 93.64
11 104.3 87.93
11 114.7 84.67
11 124.4 84.42
11 134.7 80.77
11 149.4 81.65
11 173.6 74.24
50 5.1 107.31
50 13.8 108
50 24.5 103.11
50 34.9 94.13
50 44.6 90.76
50 59.5 88.95
50 74 85.73
50 84.6 85.15
50 94.5 87.79
50 105.2 84.86
50 116.1 82.52
50 125.8 77.69
50 135 70.8
50 149 73.34
50 174.2 68.47
50 199.8 65.54
77 4.1 108
77 14.8 99.12
77 25.7 103.02
77 34.9 103.02
77 44.9 98.97
77 59.7 96.09
77 74.6 94.72
77 85 90.13
77 94.5 94.91
77 105.1 93.55
77 114.7 96.57
77 124.6 90.81
77 134.1 85.73
77 149.3 85.54
77 174.8 85.85
105 5.1 102.33
105 14.1 102.33
105 25.1 97.26
105 34.1 95.89
105 45.5 91.06
105 60.3 87.3
105 74.3 82.8
105 84.6 82.71
105 94.1 77.63
105 104.3 77.24
105 114.2 77.43
105 124.9 73.67
105 148.8 70.5
105 177.1 70.01
133 4.4 101.16
133 14.8 97.54
133 24.9 95.69
133 35.1 93.34
133 44.7 88.22
133 59.8 83.87
133 74.6 82.11
133 85.8 78.4
133 94.7 77.14
133 104.8 75.87
133 115.4 71.28
133 125.2 70.55
133 134.1 62.98
133 151 55.47
133 174.8 59.47
168 5.6 102.13
168 14.9 97.64
168 25.3 98.42
168 35.7 95.98
168 45.9 96.57
168 60.4 93.44
168 74.7 92.86
168 84.9 86.71
168 95.1 84.16
168 105.4 79.28
168 115.9 77.33
168 125.8 77.92
168 135.5 72.65
168 150.4 68.94
168 175.4 66.5
196 5.6 96.46
196 14.5 95.78
196 25.3 96.07
196 45.2 88.51
196 75.6 86.91
196 105.4 81.58
196 114.9 76.94
196 125.4 73.87
196 135.6 66.21
196 150.8 60.06
196 174.5 60.06
222 5.3 102.34
222 15.1 103.8
222 25.8 100.48
222 46.1 98.78
222 75.1 97.26
222 105.6 94.82
222 114.7 93.94
222 125.4 88.28
222 136.3 84.57
222 150.2 83.3
222 176 80.67
222 199.7 79.6
271 5 108.38
271 15.8 108.77
271 25.9 104.48
271 45.7 101.74
271 75 105.75
271 105.5 96.13
271 115.5 93.06
271 125.7 91.84
271 135.3 78.8
271 149.9 77.53
271 175.5 71.38
292 4.8 102.13
292 14.9 98.71
292 25.4 94.51
292 45.1 94.07
292 74.8 88.56
292 105.2 87.1
292 115 79.68
292 125.7 80.12
292 134.9 79.39
292 149.9 78.32
292 175.2 75.88
315 5.5 97.63
315 15.6 101.63
315 25.7 101.83
315 35.6 99.78
315 45.7 96.07
315 60.4 88.26
315 75.7 83.67
315 85.6 81.72
315 95.5 80.46
315 105.3 80.9
315 115.5 81.73
315 125.5 80.32
315 135.4 73.53
315 150.7 76.76
315 175.4 72.57
343 5.9 95.88
343 25.7 96.18
343 45.8 92.76
343 75.6 92.66
343 105.6 94.52
343 136.7 90.62
343 150.9 89.35
343 175.5 82.51
13 5.2 109.36
13 15 97.65
13 24.9 98.13
13 44.9 99.31
13 74.6 93.84
13 105.4 92.37
13 114.4 85.34
13 125.6 82.17
13 133.6 84.76
13 150 82.81
13 175.6 81.15
13 199.7 77.05
49 5.1 116.19
49 16.1 109.16
49 26.1 99.88
49 45.5 90.41
49 76.1 86.8
49 105.6 81.62
49 115.9 78.01
49 126 75.71
49 135.5 73.71
49 150.8 77.44
49 175.6 72.37
76 5.3 89.15
76 15.7 94.72
76 25.7 94.72
76 45.4 93.45
76 85.8 92.07
76 105.5 90.02
76 115.1 87.38
76 125.6 79.87
76 135.8 87.38
76 150.6 88.95
76 176.3 86.23
104 5.3 100.08
104 179.9 76.54
104 4.7 98.03
104 14.9 92.76
104 25.1 92.27
104 45.3 87
104 75.1 79.38
104 104.2 80.5
104 114.2 81.23
104 124 86.85
104 135.6 84.36
104 149.4 80.84
104 174.5 81.03
104 199.1 73.42
130 5.3 98.71
130 15.1 95.49
130 24.6 95.49
130 44.8 93.59
130 75.7 87.78
130 104.6 90.65
130 114.7 96.56
130 124.9 93.44
130 135.2 89.54
130 150.1 86.24
130 177.2 83.91
130 197.8 79.91
195 4.3 106.26
195 14.6 102.26
195 24.7 95.52
195 44.4 90.34
195 73.9 86.92
195 104.6 90.67
195 113.8 92.38
195 124.2 90.81
195 134.3 88.27
195 149.5 83.38
195 174.2 79.47
226 4.6 91.2
226 14 94.91
226 25 93.74
226 44.4 92.18
226 75 90.04
226 104.7 87.6
226 114.6 84.48
226 124.5 82.76
226 134.6 83.7
226 149.7 82.92
226 174.6 82.63
288 5 99.6
288 15.1 101.46
288 24.6 100.49
288 44.2 93.5
288 74.1 94.43
288 105.3 95.11
288 114.5 91.1
288 123.8 86.85
288 134.2 85.24
288 149.7 82.61
288 174.9 80.17
288 200 76.46
313 5.3 91.88
313 14.9 89.93
313 25.3 90.41
313 45.1 88.12
313 74.9 86.81
313 104.1 82.75
313 114.5 79.19
313 124.4 78.26
313 135 73.63
313 174.7 72.17
313 199.5 69.15
349 4.6 102.82
349 14.9 100.09
349 24.3 96.77
349 44.8 92.62
349 74.5 92.28
349 104.6 88.23
349 114.3 93.26
349 124.8 92.77
349 135.3 88.86
349 149.6 84.95
349 174.6 84.77
34 4.4 104.47
34 14.3 102.23
34 24.6 98.91
34 44.7 88.94
34 74.7 84.55
34 104.5 82.7
34 124.3 80.46
34 150.1 73.73
34 175.2 74.91
61 4.5 109.85
61 15.3 108.39
61 25.1 96.28
61 59.4 93.55
61 75.6 91.68
61 105.5 90.27
61 113.8 85.54
61 124 82.76
61 135 78.6
61 148.6 84.85
61 174.5 79.78
89 4.2 100.76
89 100.2 93.63
89 4.6 102.91
89 14.3 103.69
89 23.5 101.35
89 44.7 100.86
89 74.2 95.29
89 103.9 94.7
89 115.1 95.78
89 125.2 92.85
89 134 86.7
89 149.3 84.56
89 174.8 85.34
117 4.9 96.01
117 14.9 90.93
117 25 89.66
117 44.7 86.82
117 75 86.13
117 104 81.73
117 114.2 80.75
117 124.6 78.4
117 134.7 73.23
117 149.3 72.06
117 174.2 66.9
145 4.9 105.19
145 15.1 101.28
145 25.1 97.08
145 45.3 91.56
145 74.1 87.1
145 104.2 84.41
145 114 83.38
145 124.2 79.53
145 134.3 74.2
145 150.2 72.84
145 175.1 69.13
145 199.4 68.35
173 4.6 98.33
173 14.4 96.57
173 24.7 92.47
173 44.4 92.38
173 74.8 88.36
173 104.1 87.68
173 115 81.33
173 124.9 80.6
173 134.4 79.38
173 149.8 79.97
173 174.5 75.19
208 14.4 77.14
208 23.4 83.97
208 45 75.18
208 75.1 71.27
208 114.1 68.35
208 124.4 76.16
208 134 65.42
208 174.7 54.69
208 199.6 49.81
236 5.1 79.08
236 91.4 77.13
236 5 76.15
236 15.2 76.15
236 24.9 72.25
236 44.9 70.29
236 73.9 77.13
236 105.3 68.34
236 114.8 60.53
236 126 61.51
291 193.5 56.64
292 4.9 73.23
292 14.7 85.92
292 24.9 82.02
292 44.7 86.9
292 60.1 78.11
292 75 69.32
292 99.7 64.44
292 126 59.56
292 151.3 53.7
292 174.7 57.61
335 4.6 53.71
335 25.2 81.06
335 44.8 65.43
335 74.5 63.47
335 99.6 64.45
335 125.1 53.71
335 150.1 58.59
335 174.6 73.24
355 4.6 70.32
355 15.1 99.62
355 23.9 80.09
355 34.5 112.32
355 45.3 95.71
355 58.9 83.01
355 72.8 76.18
355 99.3 80.07
355 122.2 80.07
355 150.4 66.4
355 172.3 69.33
355 199.6 68.36
108 23.1 96.22
108 33.8 76.29
108 43.9 77.74
108 59.3 79.51
108 83.8 80.79
108 114 76.18
108 148.2 75.22
108 163.4 72.01
108 199.5 72.41
137 4 99.64
137 14.4 93.16
137 24.3 104.99
137 34 96.55
137 43.6 95.56
137 73.8 96.19
137 99.7 96.59
137 148.8 94.93
137 174.9 80.15
165 3.5 70.94
165 3.5 73.9
165 14.1 73.75
165 24.2 71.14
165 34 73.07
165 44 71.69
165 59.5 73.74
165 73.9 72.36
165 99.5 70.72
165 124.3 65.51
165 148.7 61.95
165 173.5 58.14
165 199.8 54.28
192 4.7 71.41
192 14.1 70.66
192 24.3 71.48
192 34.1 70.88
192 44.6 68.99
192 59.8 68
192 75.4 66.78
192 99.9 67.51
192 124.3 66.13
192 148.9 61.85
192 174.5 58.39
192 199.7 56.38
220 4.3 74.95
220 14.6 74.46
220 25 76.9
220 24.9 71.85
220 35.1 75.28
220 44.5 75.88
220 60 75.17
220 74.3 72.66
220 99.9 70.65
220 124.8 66.44
220 149.6 61.16
220 176.5 55.16
220 199.1 51.48
221 198.6 54.35
275 5.5 75.69
275 15.1 76.96
275 25 76.1
275 44.9 76.2
275 60.4 76.42
275 75.4 72.96
275 100.2 67.03
275 124.5 64.16
275 150 60.35
275 174.9 58
296 5.1 80.29
296 15.1 77.47
296 25 77.36
296 34.7 76.87
296 45.9 78.14
296 59 76.87
296 75.7 76.2
296 99.4 70.39
296 126.4 62.71
296 174.5 55.48
321 4.6 74.55
321 14.8 76.63
321 24.3 74.89
321 34.4 74.15
321 44.2 71.76
321 59.2 77.71
321 74.5 71.83
321 100.6 69.4
321 124.1 64.85
321 150.1 59.65
321 175.5 55.32
321 198.9 55.38
349 3.9 72.35
349 14.6 72.1
349 24 71.91
349 33.4 72.54
349 44.8 74.07
349 61 74.48
349 73.3 65.58
349 99.1 62.65
349 124.1 61.75
349 147.8 60.27
349 175.9 59.15
349 197 55.47
16 4.1 79.61
16 14.5 80.08
16 24.6 76.96
16 33.8 78.12
16 44.2 77.28
16 58.3 77.65
16 75.3 79.42
16 97.9 79.6
16 124.2 74.34
16 149 72.9
16 174.7 68.38
16 198.1 66.6
52 4.3 78.82
52 14.2 70.23
52 25.5 72.65
52 34.3 73.62
52 44.1 76.49
52 58.6 70.33
52 73.5 70.36
52 98.7 62.55
52 123.7 57.76
52 152.3 57.76
52 172.6 54.06
72 4.2 72.85
72 24.8 77.6
72 34.8 72.16
72 44.1 72.41
72 58.7 73.91
72 74.5 75.52
72 99.9 70.83
72 125 65.89
72 148.5 60.54
72 175.2 59.23
141 4.6 72.56
141 14.2 75.2
141 24.3 75.39
141 34.1 78.68
141 44.6 71.44
141 59 69.84
141 74.4 71.74
141 99.6 69.87
141 123.6 65.53
141 150.4 63.9
141 174.9 56.1
181 4 73.09
181 13.8 71.64
181 24.2 72.58
181 34.4 71.39
181 44.3 73.7
181 59.3 70.39
181 74.6 68.68
181 100.3 66.85
181 124.2 61.65
181 148.7 57.44
181 200 52.47
240 5.3 73.5
240 14.4 72.92
240 25.4 77.5
240 34.7 73.57
240 44.6 73.13
240 60.9 71.22
240 75.4 69.78
240 99.4 68.53
240 124.8 69.45
240 150.3 62.69
240 174.1 57.07
280 4.9 79.29
280 15 76.54
280 24.3 71.85
280 35 78.35
280 44.3 78.31
280 59.9 77.04
280 77.3 79.56
280 98.7 73.93
280 124.5 69.96
280 149.1 64.57
280 174.5 61.95
308 4.6 78.16
308 14.5 80.97
308 25.1 77.46
308 35.4 83.85
308 45.2 76.88
308 60.5 74.44
308 75.1 71.53
308 100.8 69
308 124.9 63.58
308 149.2 55.7
308 174.3 61.27
329 3.7 69.14
329 14.5 69.09
329 25.1 82.37
329 35.2 74.89
329 43.7 80.44
329 59.2 85.95
329 76.1 77.55
329 97.7 66.79
329 124.7 61.11
329 146.3 55.79
329 172.7 53.92
353 5 72.85
353 14.4 75.39
353 25 73.58
353 34.5 75.37
353 44.6 72.09
353 75.3 72.11
353 100.5 63.95
353 124.5 58.86
353 149.8 55.49
353 174.9 53.29
17 4.2 70.02
17 13.9 70.38
17 24.9 71.02
17 33.4 69.94
17 45.1 69.6
17 58.2 69.01
17 74.6 68.79
17 99.3 69.85
17 124.9 60.76
17 148.8 56.69
17 174.3 54.38
57 4.5 69.16
57 14.4 68.2
57 24 69.42
57 34.1 69.18
57 44.7 73.56
57 60.7 68.9
57 73.1 66.46
57 99.2 65.95
57 126 63.66
57 149.5 60.72
57 174.5 53.01
88 9.8 71.77
88 15.5 67.59
88 25.7 72.14
88 33.2 67.98
88 44.8 68.34
88 59.3 68.31
88 74 64.53
88 99.6 61.79
88 123.9 57.59
88 149.3 56.31
88 175.1 50.89
114 4.9 68.67
114 14.5 74.5
114 24.3 68.99
114 33.7 68.96
114 44.4 71.52
114 59 64.95
114 73.9 71.91
114 98.7 64.34
114 123.7 61.29
114 149.4 53.39
114 174.3 51.93
141 4.6 69.79
141 14.2 73.42
141 24.2 75.1
141 34.5 74.59
141 45.2 74.44
141 60.2 72.13
141 74.2 70.6
141 99.4 64.8
141 124.7 62.45
141 148.9 60.92
141 174.2 57.49
141 199.7 57.9
171 5.1 79.91
171 24.9 76.18
171 35.2 83.23
171 45.1 83.88
171 59.5 77.22
171 74.8 77.7
171 99.5 73.28
171 124.6 65.53
171 149.6 65.8
171 175.5 66.45
201 4.8 72.9
201 14.9 72.23
201 24.9 73.08
201 34.3 73.2
201 45 72.76
201 59.4 72.49
201 74.5 68.56
201 98.7 67.29
201 124.8 65.4
201 148.9 58.77
201 174 54.49
233 4.5 72.9
233 13.9 72.98
233 25.3 75.47
233 34.9 73.21
233 44.7 72.97
233 59.8 74.17
233 74.1 74.97
233 100.1 71.76
233 123.7 68.06
233 149.2 60.52
233 174.9 56.6
233 198.9 56.29
288 4.6 72.53
288 14.8 74.83
288 25.2 72.92
288 34.7 74.82
288 59.7 75.18
288 74.2 71.83
288 100.5 70.89
288 125.5 65.07
288 150.1 61.22
288 174.9 56.8
314 4.8 79.69
314 24.2 79.12
314 36.6 80.07
314 43.5 78.35
314 59.9 76.8
314 99.4 62.97
314 124.5 58.61
314 151.8 56.92
314 175.2 54.84
354 6.5 74.74
354 14.9 74.42
354 24.1 74.82
354 36.5 75.59
354 59.7 75.99
354 75.4 73.44
354 100.5 65.28
354 124.8 61.24
354 149.6 61.64
354 181 55.66
354 199.8 53.31
22 3.6 74.91
22 12.9 73.62
22 24.7 75.56
22 34 72.67
22 43.2 72.77
22 59.8 72.25
22 73.5 71.88
22 99.1 72.11
22 123.2 73.36
22 148.7 61.03
22 175.4 56.39
56 4.7 73.81
56 14 76.33
56 23.8 75.83
56 33.6 72.07
56 45.1 74.19
56 59.5 72.94
56 72.9 72.66
56 99.4 72.67
56 124.7 67.7
56 148.7 63.23
56 177.5 54.24
80 8 67.33
80 14.8 65.9
80 24.7 67.83
80 34.6 66.93
80 46.3 63.41
80 58.9 63.23
80 73.6 62.98
80 99.6 60.64
80 124.5 55.47
80 149.5 48.83
80 174.3 46.1
80 199.8 52.18
112 4.7 72.38
112 14.4 73.15
112 24.9 72.96
112 35 73.82
112 44.4 71.83
112 60.9 72.26
112 75.1 71.83
112 99.9 69.49
112 125.2 67.01
112 149.4 63.55
112 173.8 70.08
112 199.3 53.33
140 14.2 71.47
140 24.2 70.64
140 34.1 69.73
140 43.9 67.79
140 59.5 68.63
140 73.9 65.14
140 98.3 59.84
140 123.8 55.16
140 149.2 50.91
140 174.4 49.23
140 198.3 48.29
168 3.8 74.04
168 13.6 74.75
168 24 71.41
168 32.9 73.58
168 44.6 78.96
168 59.4 73.2
168 74 69.57
168 99 67.95
168 123 68.1
168 149.2 64.18
168 173.7 53.66
168 198.5 62.84
196 4.9 77.89
196 25.1 74.03
196 43.4 76.25
196 60 72.54
196 74.4 73.21
196 99.7 72.28
196 125.1 66.84
196 149.8 63.05
196 174.8 59.3
196 200 56.3
230 4.2 77.42
230 13.8 78.92
230 24.8 78.11
230 34.5 80.92
230 44.8 78.81
230 59.9 76.6
230 74.5 71.05
230 99.9 66.36
230 124.6 60.44
230 149.6 60.63
230 175 55.82
230 199.2 53.43
273 4.9 79.2
273 14.5 78.81
273 24.4 73.05
273 34.5 73.51
273 44.7 73.13
273 59.3 70.53
273 73.1 68.04
273 99.3 64.67
273 124.4 64.15
273 149.5 57.74
273 174.9 54.68
273 199.5 50.82
305 5 78.33
305 14.7 78.55
305 24.5 78.19
305 34.6 79.21
305 44.7 78.38
305 60.1 75.4
305 75.2 71.41
305 99.4 64.35
305 124.2 61.02
305 149.7 59.22
305 175.8 54.51
333 24.4 74.01
333 24.4 74.8
333 44.9 71.82
333 59.3 76.39
333 74.9 71.89
333 84.2 69.95
333 84.3 68.26
333 98.7 64.63
333 126.8 60
333 148.1 54.5
333 174.3 51.23
356 5.1 73.06
356 14.6 71.21
356 25.1 70.15
356 34.9 68.11
356 44.5 68.59
356 60.6 68.2
356 74.9 67.99
356 100.5 67.13
356 125.6 58.29
356 149.4 55.85
356 174.1 54.6
356 199.6 51.09
33 4.7 70.64
33 15.4 67.88
33 25.6 71.18
33 35.5 69.03
33 45.3 69.75
33 60.6 69.34
33 75.3 66.91
33 100.1 62.58
33 126.1 57.36
33 151.4 52.76
33 174.3 51.76
33 199.6 49.98
64 4.8 69.65
64 15.1 71.61
64 25.5 69.1
64 34.1 69.4
64 45 67.9
64 60.6 68.85
64 75.5 70.5
64 99.7 60.18
64 125.3 62.76
64 150.8 57.72
64 174.9 53.31
64 199.7 52.49
138 10.2 77.22
138 15 81.61
138 24.7 75.79
138 34.9 78.3
138 44.5 76.03
138 59.9 82.71
138 74.4 77.16
138 100.2 74.63
138 125.2 79.27
138 150 69.08
138 174.5 68.47
138 199.9 62.55
166 13.4 73.42
166 25 76.45
166 34.9 77.12
166 45.9 76.29
166 59.8 72.86
166 75.3 72.88
166 99.7 68.77
166 123.9 59.7
166 150.8 54.07
166 174.8 56.11
198 5.1 76.91
198 14.8 80.37
198 24.7 76.83
198 34.4 77.77
198 44.8 77.18
198 59.4 80.41
198 75 74.7
198 99.6 75.5
198 124.7 73.05
198 150.1 63.02
198 174.6 60.96
226 4.9 74.82
226 13 73.34
226 25 73.87
226 45.1 72.89
226 60.4 74.49
226 75.8 71.13
226 101.1 69.18
226 124.7 65.91
226 151 57.61
226 175.7 55.83
253 5.9 74.46
253 14.4 74.32
253 24 74.94
253 44.7 75.39
253 59.6 73.67
253 74.9 71.6
253 99.9 68.39
253 124.4 65.92
253 151 63.41
283 6.5 78.35
283 14.9 77.64
283 26.1 76.58
283 34.9 75.87
283 45.2 76.86
283 61.5 76.59
283 75.1 78.3
283 99.9 68.09
283 124.9 61.56
283 151 55.19
283 175.5 53.43
283 199.1 53.29
316 4.8 73.7
316 12.9 73.88
316 23.8 70.61
316 33.2 72.59
316 43 74
316 58.1 73.35
316 73.1 71.02
316 98.8 65.8
316 123.8 62.6
316 149.2 58.64
316 173.8 57.23
316 199.6 55.45
347 5.8 75.4
347 15.3 75.65
347 25.1 73.43
347 34.8 74.47
347 45.7 72.76
347 59.8 74.08
347 74.8 74.61
347 98.8 71.88
347 124.9 62.9
347 152.6 59.63
347 175.2 54.17
347 200 51.78
26 6.6 72.03
26 16.5 70.81
26 24.8 74.25
26 36.4 70.52
26 46.3 67.16
26 59.8 68.6
26 75.6 70.51
26 98.1 69.72
26 125 68.03
26 150 64.81
26 172.8 56.53
26 198.6 53.34
26 115.3 66.35
46 7.2 69.24
46 15 70.45
46 25.1 73.62
46 35.2 72.13
46 45.4 69.27
46 58.4 71.54
46 76 70.05
46 99.3 62.77
46 124.5 56.98
46 150.9 51.8
46 200 46.32
69 7.5 69.45
69 15.1 68.52
69 24.3 67.37
69 36.4 70.17
69 46.4 71.68
69 60.2 70.14
69 75.2 69.39
69 101.5 68.55
69 124.2 69.15
69 148.6 64.23
69 174.9 54.24
69 199.8 52.35
92 9.1 71.48
92 15.2 74.01
92 24.2 74.03
92 35.7 69.16
92 46 73.19
92 59.1 70.17
92 74.8 70.44
92 99.7 67.65
92 124.5 67.99
92 149.6 69.82
92 175.2 62.74
92 198.7 56.39
147 9.3 73.55
147 15.1 73.73
147 35.8 70.94
147 44.9 67.62
147 75 66.83
147 125.2 62.56
147 150.4 69.07
147 175.8 52.34
147 199.9 47.9
165 7.8 69.22
165 15.3 70.36
165 25.5 72.15
165 35.7 70.06
165 45.3 70.44
165 60.7 69.33
165 75.5 68.16
165 100.2 64.96
165 125.4 55.64
165 150.5 52.8
165 174.9 51.79
194 9.1 74.85
194 15.7 78.8
194 26 69.97
194 35.9 72.23
194 45.9 79.09
194 60.5 75.86
194 76.3 74.81
194 100.6 67.5
194 125.8 63.91
194 151.2 61.1
194 175.9 56.14
221 7.5 69.08
221 15.4 69.31
221 25.8 75.2
221 34.7 71.33
221 44.8 69.28
221 60 72.03
221 74.6 64.88
221 100.9 62.8
221 125.9 59.18
221 150.5 50.92
221 174.8 53.78
259 5.6 76.85
259 15.2 81.6
259 25.6 81.18
259 35.1 80.87
259 45.7 77.31
259 60.6 80.39
259 76.2 75.95
259 100.6 73.97
259 125.5 67.3
259 151 59.7
259 177.5 63.77
294 8.1 75.76
294 18.1 79.84
294 25.3 75.85
294 35.9 77.24
294 45.8 77.22
294 61.6 79.39
294 74.7 80.85
294 97.3 74.14
294 125.3 66.04
294 151.8 60.41
294 172.6 60.6
313 8.8 79.54
313 15.6 78.9
313 25.8 78.96
313 35.2 79.81
313 45 77
313 61 78.39
313 75.2 81.83
313 100.5 74.21
313 125.2 67.9
313 151.5 62.58
313 176.3 59.84
344 7.7 72.95
344 17.3 74.46
344 24.7 73.39
344 36.2 73.93
344 46.7 73.99
344 61.3 74.49
344 75.7 75.95
344 101.2 62.08
344 126.6 62.01
344 152 57.99
344 176.9 52.28
38 4.7 73.9
38 15 73.72
38 24.9 76.25
38 34.6 74.02
38 44.7 74.72
38 58.8 73.69
38 75.2 73.15
38 100 70.53
38 125.2 63.34
38 150.1 58.54
38 174.2 56.96
80 4.4 74.47
80 14.8 70.54
80 25.1 69.57
80 35.7 71.87
80 45.1 69.9
80 60.2 70.32
80 74.6 66.54
80 100.3 64.35
80 124.8 57.03
80 149 60.22
80 174.2 53.38
124 7.5 77.73
125 7.3 78.97
125 15.3 79.73
125 24.5 73.61
125 35.4 76.02
125 44.9 80.78
125 60.3 73.98
125 74.5 72.82
125 100.2 75.2
125 125.1 64.44
125 149.9 61.79
125 174.1 57.17
189 6.3 77.07
189 14.6 78.15
189 24.9 76.09
189 35 76.06
189 45 78.04
189 59.9 76.02
189 74.8 74.79
189 100.5 71.35
189 125.2 69.11
189 149.7 63.51
189 175.6 60.36
189 199.7 60.66
216 6.7 79.39
216 16.1 77.73
216 24.8 80.18
216 35.6 78.69
216 45.2 79.39
216 60.2 78.89
216 75.4 78.93
216 100.4 77.34
216 124.4 68.87
216 150 63.86
216 175.8 58.48
216 199.8 53.33
246 6.9 79.63
246 16.4 80.4
246 25.8 80.49
246 36 79.92
246 45.7 81.39
246 60.9 77.86
246 75.8 77.97
246 100.4 69.41
246 126.1 65.49
246 150.6 60.32
246 175.4 59.5
276 5 78.79
276 14.4 79.13
276 23.7 79.88
276 34.1 80.38
276 44.9 78.84
276 60.8 81.09
276 76.6 78.83
276 99.5 75.56
276 124.7 69.88
276 149.8 65.18
276 176.7 60.02
276 197.5 58.63
336 5.8 73.04
336 14.5 77.21
336 24.8 76.75
336 35.4 76.62
336 44.5 76.97
336 60.4 76.13
336 74.7 79.46
336 100.2 71.46
336 124.9 62.78
336 150.9 60.33
336 175.8 54.92
355 7.5 74.31
355 15.2 72.89
355 25.4 74.1
355 34.7 73.6
355 46.5 72.23
355 61.3 71.99
355 76.1 72.45
355 98.9 72.75
355 125.9 64.95
355 149.4 62.65
355 174.7 59.47
30 6.9 69.79
30 13.5 69.76
30 25.8 68.88
30 33.8 74.67
30 44.8 69.59
30 58.8 68.1
30 75.8 70.52
30 100.2 71.86
30 124 61.78
30 148.6 55.87
30 173.9 54.52
30 199.9 51.9
55 7.7 69.96
55 15.9 71.11
55 26.5 70.95
55 35.5 72.06
55 44.4 76.44
55 60.4 76.38
55 74.9 72.88
55 100.1 71.83
55 124.1 62.9
55 150.3 56.48
55 175.7 55.2
149 8.1 74.64
149 18.1 78.6
149 25.9 75.5
149 36.5 80.57
149 45.6 78.58
149 60.9 82.32
149 75.9 79.6
149 100.3 78.35
149 126.2 78.16
149 150.4 70.55
149 175.3 65.94
178 7.8 80.99
178 15.4 77.45
178 25.1 76.79
178 35.2 77
178 45.3 76.52
178 60.1 77.23
178 73.6 76.69
178 99.5 71.8
178 124.3 67.38
178 150.6 58.72
178 175.1 56.15
208 198.3 57.53
209 6.1 78.59
209 24.4 78.23
209 34.5 76.28
209 45 78.53
209 59.6 76.11
209 74.4 74.93
209 99.7 71.86
209 125.5 72.5
209 149.6 67.34
209 173.9 62.11
230 7.7 77.92
230 18.1 73.61
230 24.6 76.77
230 35.8 77.63
230 45.9 77.18
230 59.7 76.28
230 76.2 76.6
230 100.8 70.12
230 124.8 65.46
230 149.7 64.9
230 174.1 59.93
285 6.3 76.51
285 16 78.34
285 25.1 77.73
285 34.9 79.82
285 45.8 77.2
285 60.5 76.66
285 75.4 72.28
285 100.1 67.45
285 124.8 61.27
285 149.5 59.63
285 175 54.15
336 7.1 77.86
336 13.9 79.13
336 23.3 80.56
336 35.1 80.03
336 43.7 76.03
336 58.6 78.73
336 74.5 73.01
336 98.8 64.77
336 123.6 61.78
336 150.6 59.23
336 175.1 56.12
336 200 53.52
21 7.4 76.81
21 15.2 75.83
21 24.1 76.71
21 35 76.46
21 44.8 75.4
21 60.2 75.05
21 74 75.63
21 100.4 74.74
21 124.4 72.36
21 149.6 67.17
21 175.1 60.3
49 8.9 65.98
49 18.1 68.82
49 24.4 72.45
49 35.4 70.1
49 44.4 68.5
49 59.2 70.4
49 75.6 68.41
49 98.9 68.21
49 125.7 55.48
49 149.3 55.24
49 174.4 55.79
49 199.5 53.25
119 5.3 71.68
119 14.6 74.85
119 24.8 75.3
119 34.9 72.61
119 45.4 73.68
119 59.3 72.69
119 74.4 74.46
119 99.9 69.22
119 125.6 67.54
119 149.9 67.53
119 176 64.12
119 199.5 62.08
148 4.7 79.35
148 15.4 75.24
148 25.2 77.22
148 35.5 74.56
148 45.5 71.33
148 60 84.65
148 75.7 73.88
148 100.3 69.96
148 124.6 71.29
148 149.8 64.82
148 175.4 60.38
185 5.4 74.67
185 15.3 74.42
185 24.3 74.44
185 35.1 74.92
185 44.3 74.65
185 60.2 73.07
185 74.5 70.73
185 100.3 65.78
185 124.6 65.67
185 150.3 61.74
185 174.8 59.42
207 5.7 75.74
207 15.2 75.32
207 25.3 76.97
207 35.3 76.55
207 45.2 76.65
207 59.9 76.35
207 74.8 74.09
207 100.2 71.98
207 124.7 68.7
207 149.6 66.33
207 174.6 62.64
231 6 81.23
231 14.4 78.42
231 24.3 80.9
231 35.6 76.25
231 45.6 71.77
231 58.7 73.92
231 73.7 75.64
231 98.9 73.06
231 124.7 69.91
231 153.1 64.98
231 174.6 64.62
268 5.3 77.64
268 15 77.88
268 24.9 77.6
268 35.6 77.02
268 44.5 77.63
268 61.6 75.39
268 69.1 73.75
268 99.7 70.55
268 123.9 66.72
268 149.4 59.56
268 175.2 58.44
308 4.8 76.13
308 17 75.38
308 23.5 74.9
308 34.2 77.79
308 45.4 73.09
308 58.7 78.69
308 75.3 75.33
308 100 71.86
308 125.3 61.84
308 150.1 60.22
308 174.9 58.26
344 4.8 76.79
344 14.2 75.08
344 24.7 76.35
344 34.9 76.18
344 59.3 75.17
344 75 73.09
344 100.5 68.99
344 125.8 65.44
344 149.9 61.31
344 174.5 58
344 200 56.02
69 4.7 73.98
69 15.6 71.87
69 25.5 73.99
69 36.1 75.47
69 45.6 74.56
69 59.9 75.14
69 75.3 74.12
69 101.3 69.68
69 125.4 62.63
69 150.8 59.76
69 172.8 55.51
97 4.8 74.72
97 15.2 71.89
97 25.6 72.95
97 35.3 73.53
97 45.4 72.83
97 59.7 74
97 76.6 75.9
97 99.8 70.35
97 124.6 65.94
97 151.1 60.72
97 175.6 59.69
139 4.2 76.07
139 14.8 74.72
139 24.7 78.34
139 35.3 75.25
139 45.4 76.81
139 60.4 73.88
139 74.5 76
139 100 65.05
139 125.5 71.74
139 150.4 65.44
139 175.3 64.21
160 5.6 78.01
160 15.3 77.84
160 25 74.03
160 36 75.16
160 45.7 74.01
160 61.5 72.32
160 74.1 57.98
160 98.2 65.53
160 124.8 60.43
160 146.6 61.12
160 175.8 57.9
190 5.7 72.75
190 15 77.02
190 25 74.36
190 35.1 71.76
190 44.3 70.02
190 59.5 68.33
190 74.4 70.61
190 99.3 67.38
190 125.1 59.08
190 149.1 58.64
190 174.9 55.41
220 5.7 70.43
220 15.2 71.79
220 25.3 75.37
220 35.6 73.46
220 45.2 56.43
220 60.6 64.4
220 75.5 70.74
220 100.2 69.73
220 125.2 61.49
220 150.3 62.98
220 175.1 59.61
247 5.4 75.69
247 14.9 72.7
247 25.6 74.74
247 35.2 78.26
247 45.5 71.84
247 60.2 77.55
247 76 76.81
247 100.5 60.95
247 125.5 66.34
247 150.2 64.12
247 175.4 62.73
277 7.5 73.14
277 16.1 76.38
277 26 79.49
277 35 80.44
277 45.9 79
277 61.1 73.65
277 75.3 73.66
277 100.6 67.41
277 125.5 67.24
277 150.4 63.48
277 174.9 61.86
277 199.8 59.9
325 5.2 80.46
325 24.8 75.97
325 35.5 76.88
325 44.9 79.07
325 59.3 76.25
325 74.8 79.58
325 100.4 70.6
325 124.7 66.36
325 150 61.36
325 174.7 59.15
