"DOY" "Depth" "SYN"
354 101.8 0.005
354 122 0.001
354 144.9 0.001
354 7.7 0.025
354 26.1 0.021
354 52.4 0.012
354 77.6 0.012
34 6.7 0.015
34 26.5 0.013
34 46.6 0.015
34 79.6 0.01
34 104.2 0.012
34 113.5 0.006
67 4.5 0.023
67 31.1 0.018
67 49.6 0.027
67 72.9 0.004
67 101.7 0.004
67 124.6 0.003
67 139.5 0.002
67 147.6 0.003
67 156 0.003
67 179.9 0.003
101 8.2 0.022
101 27.7 0.028
101 46.9 0.03
101 76.9 0.024
101 92.1 0.029
101 102.2 0.018
101 107.2 0.013
101 117 0.007
101 131.4 0.004
101 140.5 0.002
129 25.4 0.015
129 47.7 0.016
129 80.5 0.019
156 6.1 0.016
156 27.4 0.015
156 50.5 0.014
156 79.8 0.012
156 105.8 0.007
191 8.8 0.005
191 28.1 0.001
191 50 0.01
191 77.5 0.014
191 110 0.007
223 5.8 0.006
223 24.9 0.008
223 49.4 0.009
223 77.2 0.016
223 101.8 0.012
223 111.8 0.014
223 117 0.012
223 121.5 0.001
262 13.5 0.01
262 33.1 0.01
262 52.2 0.017
262 81.6 0.017
295 7.2 0.006
295 27.2 0.007
295 46.8 0.021
295 60.1 0.034
295 75.4 0.022
295 87.8 0.002
295 101 0.001
295 125.4 0.005
162 9 0.012
162 28.8 0.008
162 48.4 0.006
162 79 0.009
162 104.4 0.001
162 119.3 0.001
162 139 0.001
188 9.6 0.009
188 29.3 0.005
188 47.5 0.013
188 78.4 0.019
188 98.8 0.003
188 114.1 0.001
188 134.9 0.001
188 154.6 0.001
188 179 0.001
218 9.8 0.009
218 29.9 0.009
218 49 0.013
218 64.5 0.019
218 79.7 0.017
218 88.8 0.005
218 104.4 0.003
218 119.7 0.001
218 128.6 0.001
21 5.2 0.034
21 24.7 0.033
21 43.4 0.041
21 74.6 0.038
21 90 0.023
21 176.5 0.001
49 75.5 0.015
49 85.2 0.006
49 95.2 0.001
105 5.8 0.012
105 23.7 0.019
105 43.8 0.017
105 74.2 0.012
105 89.6 0.014
105 100.2 0.012
105 103.7 0.009
105 109.2 0.008
105 119.5 0.007
140 24.5 0.01
140 45.1 0.01
140 75.7 0.012
140 100.7 0.009
140 109.4 0.005
140 119.2 0.007
140 128.8 0.003
140 135.1 0.001
258 5.2 0.006
258 25.1 0.004
258 46.2 0.005
258 76 0.013
258 100.7 0.004
258 115.9 0.001
258 120.7 0.001
303 5.7 0.001
303 25.8 0.005
303 47.4 0.003
303 74.4 0.008
303 90 0.006
303 100.4 0.001
21 7.1 0.019
21 27 0.021
21 46.3 0.021
21 75 0.02
21 89.6 0.018
21 100.1 0.013
21 116 0.001
49 6.3 0.064
49 25.8 0.061
49 44.2 0.063
49 60.5 0.054
49 77.5 0.035
49 86.1 0.03
49 102.1 0.046
49 126.4 0.035
49 135.6 0.03
49 149.8 0.038
49 174 0.001
69 4.5 0.028
69 24.4 0.031
69 44.5 0.025
69 74.7 0.033
69 99.4 0.037
69 124.6 0.013
69 141 0.012
69 145.1 0.007
69 150 0.004
69 154.6 0.003
69 160.5 0.003
169 5.1 0.028
169 24 0.038
169 44.4 0.034
169 74.9 0.027
169 98.7 0.007
169 98.7 0.012
169 126 0.003
169 175.1 0.002
207 5.2 0.008
207 24.9 0.011
207 43.6 0.013
207 74.6 0.012
207 100.6 0.006
243 5.1 0.006
243 9.9 0.005
243 25.4 0.005
243 34.5 0.007
243 45 0.008
243 59.8 0.017
243 74.4 0.018
243 100.2 0.001
267 5.7 0.013
267 25.5 0.01
267 45.7 0.011
267 75.6 0.022
267 85.3 0.022
267 95.3 0.023
267 100.5 0.01
267 126.1 0.002
289 5 0.004
289 24.5 0.004
289 45.6 0.004
289 75.5 0.023
289 101.2 0.003
289 125.8 0.001
324 5.6 0.009
324 26.1 0.006
324 45.9 0.009
324 76.1 0.007
324 90.1 0.007
324 99.4 0.002
38 5.6 0.008
38 24.5 0.007
38 44.8 0.007
38 75.7 0.016
38 101.2 0.018
38 114.2 0.012
38 123.9 0.004
38 140.8 0.001
64 4.8 0.003
64 25.4 0.047
64 44.8 0.044
64 74.5 0.004
64 100.8 0.001
64 124.3 0.001
97 4.7 0.033
97 24.5 0.038
97 44.4 0.03
97 74.2 0.013
97 100.6 0.01
97 125.8 0.004
97 134.3 0.002
97 137.5 0.002
97 145.4 0.001
97 149.5 0.001
128 4.9 0.017
128 24.5 0.022
128 45.2 0.026
128 75 0.022
128 99.4 0.022
128 110 0.018
128 115.2 0.014
128 120.1 0.014
128 125 0.009
212 4.3 0.017
212 25 0.018
212 39.9 0.029
212 59.6 0.016
241 5 0.007
241 25 0.006
241 45 0.007
241 100 0.003
241 125 0.001
241 150 0.001
271 4.9 0.013
271 16 0.012
271 24.8 0.011
271 34.9 0.014
271 44.2 0.014
271 54.7 0.025
271 64.5 0.032
271 74.6 0.02
271 94.1 0.016
271 99.3 0.017
300 5 0.009
300 25 0.015
300 45 0.017
300 75 0.018
300 100 0.001
300 150 0.001
321 5 0.019
321 25 0.019
321 45 0.02
321 75 0.015
321 100 0.001
17 5 0.017
17 25 0.017
17 45 0.019
17 75 0.021
17 100 0.008
17 125 0.001
87 25 0.014
87 45 0.024
87 75 0.05
87 100 0.028
87 125 0.021
87 175 0.003
115 5 0.03
115 25 0.021
115 45 0.018
115 75 0.039
115 100 0.029
115 125 0.005
143 5 0.022
143 25 0.034
143 45 0.028
143 75 0.028
143 100 0.018
143 125 0.001
178 5 0.013
178 25 0.011
178 45 0.016
178 75 0.022
178 100 0.029
178 125 0.014
178 150 0.001
209 5 0.018
209 25 0.024
209 45 0.028
209 75 0.04
209 100 0.025
209 125 0.007
209 150 0.022
234 5 0.015
234 25 0.013
234 45 0.019
234 75 0.022
234 100 0.011
234 150 0.001
276 5 0.011
276 25 0.01
276 45 0.014
276 75 0.012
276 125 0.042
276 150 0.023
304 5 0.014
304 25 0.026
304 45 0.015
304 75 0.031
304 100 0.005
304 125 0.001
304 150 0.005
304 175 0.001
346 5 0.02
346 25 0.028
346 45 0.027
346 75 0.021
346 100 0.011
346 125 0.003
346 150 0.01
8 5 0.03
8 25 0.028
8 45 0.028
8 75 0.006
8 100 0.001
8 150 0.002
49 5 0.023
49 25 0.022
49 45 0.021
49 75 0.023
49 100 0.019
49 125 0.007
49 175 0.004
71 5 0.029
71 25 0.026
71 45 0.029
71 75 0.018
99 5 0.022
99 25 0.03
99 45 0.029
99 75 0.007
127 5 0.026
127 25 0.013
127 45 0.01
127 75 0.016
127 100 0.005
127 150 0.001
155 5 0.006
155 25 0.006
155 45 0.014
155 75 0.017
155 100 0.014
155 125 0.002
155 175 0.004
190 5 0.011
190 25 0.009
190 45 0.011
190 75 0.018
190 100 0.013
214 5 0.019
214 25 0.017
214 45 0.021
214 75 0.033
214 100 0.026
268 5 0.01
268 25 0.009
268 45 0.012
268 75 0.024
268 100 0.024
11 5 0.034
11 25 0.088
11 45 0.098
11 75 0.008
11 100 0.011
11 125 0.004
11 150 0.002
11 175 0.006
50 5 0.034
50 25 0.035
50 45 0.039
50 75 0.052
50 100 0.004
77 5 0.028
77 25 0.025
77 45 0.02
77 75 0.022
77 100 0.004
77 125 0.003
77 150 0.001
77 175 0.005
105 5 0.016
105 25 0.017
105 45 0.024
105 75 0.028
105 100 0.009
105 125 0.009
105 150 0.006
133 5 0.012
133 25 0.013
133 45 0.016
133 75 0.018
133 100 0.013
133 125 0.003
133 175 0.004
168 5 0.013
168 25 0.014
168 45 0.015
168 75 0.015
168 100 0.011
168 125 0.004
168 150 0.001
168 175 0.001
196 5 0.019
196 25 0.02
196 45 0.023
196 75 0.025
196 100 0.021
196 125 0.003
196 150 0.003
196 175 0.004
222 5 0.009
222 25 0.015
222 45 0.015
222 75 0.015
222 125 0.001
222 175 0.001
271 5 0.019
271 25 0.016
271 45 0.019
271 75 0.054
271 100 0.024
271 125 0.003
271 150 0.002
271 175 0.005
292 5.7 0.011
292 25.1 0.01
292 75.4 0.024
292 100.3 0.043
292 125.4 0.004
292 150 0.007
292 175.3 0.002
292 5 0.01
292 25 0.011
292 45 0.013
292 75 0.025
292 100 0.019
292 125 0.001
292 150 0.01
292 175 0.003
315 5 0.013
315 24.6 0.011
315 43.9 0.01
315 75.2 0.008
315 100.2 0.007
315 125.1 0.001
315 149.7 0.001
315 175.4 0.002
315 5 0.009
315 25 0.008
315 45 0.01
315 75 0.016
315 100 0.002
315 125 0.004
315 150 0.018
343 5 0.02
343 25 0.023
343 45 0.025
343 75 0.013
343 100 0.015
343 125 0.007
13 4.4 0.026
13 25.7 0.031
13 46.2 0.034
13 75.9 0.032
13 100.6 0.033
13 125.4 0.001
13 150.2 0.001
13 5 0.024
13 25 0.024
13 45 0.023
13 75 0.024
13 100 0.009
13 125 0.005
13 150 0.007
49 5 0.059
49 25 0.072
49 45 0.059
49 75 0.039
49 100 0.002
49 125 0.001
49 175 0.007
76 5 0.02
76 25 0.026
76 45 0.027
76 75 0.053
76 100 0.002
76 125 0.001
76 150 0.009
76 175 0.003
104 5 0.027
104 25 0.026
104 45 0.027
104 75 0.022
104 100 0.025
104 125 0.016
104 150 0.001
130 5 0.023
130 25 0.022
130 45 0.025
130 75 0.027
130 100 0.021
130 125 0.03
195 5 0.012
195 25 0.014
195 45 0.01
195 75 0.027
195 100 0.012
195 125 0.003
195 150 0.002
195 175 0.002
226 5 0.001
226 45 0.002
226 75 0.01
226 100 0.024
226 125 0.024
226 150 0.003
288 5 0.008
288 25 0.009
288 45 0.008
288 75 0.013
288 100 0.002
288 150 0.003
313 5 0.012
313 25 0.015
313 45 0.011
313 75 0.018
313 100 0.014
349 5 0.048
349 25 0.027
349 45 0.038
349 75 0.033
349 100 0.001
349 125 0.005
349 150 0.002
349 175 0.008
34 5 0.033
34 25 0.045
34 45 0.044
34 75 0.046
34 100 0.027
34 150 0.005
61 5 0.015
61 25 0.014
61 45 0.02
61 75 0.02
61 100 0.014
61 125 0.001
61 150 0.001
61 175 0.001
89 5 0.001
89 25 0.001
89 100 0.011
89 125 0.002
89 150 0.004
117 5 0.03
117 25 0.049
117 45 0.038
117 75 0.019
117 100 0.003
117 150 0.003
146 5.2 0.003
146 24.7 0.003
146 45 0.008
146 74.5 0.01
146 99.1 0.017
146 125.1 0.013
173 5 0.007
173 24.6 0.012
173 45.4 0.012
173 75.6 0.012
173 99.7 0.006
173 25 0.01
173 45 0.013
208 4.6 0.017
208 24.8 0.017
208 44.3 0.014
208 74.2 0.015
208 100 0.007
208 25 0.013
208 45 0.014
236 4.9 0.015
236 25 0.014
236 44.9 0.014
236 74.1 0.013
236 98.8 0.001
236 25 0.013
236 45 0.015
292 4.6 0.004
292 4.6 0.006
292 4.7 0.005
292 24.9 0.005
292 24.9 0.004
292 24.9 0.005
292 45 0.003
292 45 0.006
292 45 0.008
292 74.3 0.014
292 74.2 0.017
292 74.1 0.013
292 98.9 0.002
292 98.9 0.001
335 4.8 0.01
335 4.7 0.011
335 4.7 0.013
335 25.2 0.012
335 25.1 0.012
335 25.1 0.013
335 45 0.019
335 45 0.018
335 44.9 0.01
335 74.3 0.013
335 74.2 0.004
335 74.4 0.012
335 98.8 0.001
355 5.2 0.002
355 5.2 0.002
355 5 0.002
355 24.4 0.003
355 24.3 0.003
355 43.1 0.001
355 73.4 0.007
355 73.6 0.007
355 73.7 0.009
355 101.4 0.003
355 101 0.003
355 100.4 0.002
17 3.8 0.006
17 23.5 0.006
17 44 0.009
17 73.3 0.013
17 99.7 0.009
17 123.6 0.001
17 148 0.001
17 174.8 0.001
81 3.9 0.011
81 23.8 0.018
81 44 0.025
81 75.7 0.016
81 98.9 0.024
81 123.7 0.018
81 148.4 0.007
81 173.7 0.003
108 3.9 0.015
108 23.6 0.011
108 43.3 0.014
108 73.8 0.012
108 98.7 0.017
108 123.4 0.005
108 173 0.003
137 4.8 0.014
137 24.7 0.022
137 44.8 0.017
137 74.5 0.021
137 98.8 0.011
137 124.1 0.004
137 150.3 0.002
137 176.9 0.002
165 4 0.011
165 23.5 0.011
165 44.1 0.014
165 73.4 0.015
165 99.3 0.01
192 4.3 0.007
192 23.7 0.014
192 44.9 0.019
192 73.8 0.014
192 100.3 0.005
220 4.7 0.008
220 24.9 0.011
220 44.7 0.011
220 76 0.024
220 99.1 0.001
275 4.8 0.009
275 25.8 0.009
275 45.2 0.009
275 74.1 0.022
275 100.9 0.003
296 4.8 0.017
296 24.6 0.016
296 45.2 0.017
296 75.3 0.013
296 100.3 0.001
321 4.2 0.02
321 24.4 0.02
321 44.2 0.037
321 74.5 0.03
321 99.4 0.001
321 148.5 0.001
321 174 0.001
349 4.2 0.027
349 24.1 0.026
349 43.6 0.027
349 57.8 0.029
349 75.5 0.021
349 84.1 0.016
349 98.1 0.002
349 114.6 0.001
349 174.3 0.001
16 4.4 0.059
16 23.6 0.061
16 44.5 0.057
16 74.1 0.059
16 98.8 0.032
16 124.4 0.001
52 4 0.018
52 24.3 0.017
52 44.7 0.016
52 74 0.019
52 177.9 0.001
72 4.1 0.028
72 24.2 0.037
72 44 0.042
72 74.5 0.038
72 98.1 0.038
72 123.7 0.014
72 150.5 0.001
72 174.4 0.001
141 4.1 0.008
141 24 0.008
141 43.5 0.01
141 73.6 0.014
141 99 0.012
141 124.1 0.002
181 4 0.005
181 24.2 0.01
181 44.3 0.018
181 74.6 0.024
181 100.3 0.004
240 4.3 0.012
240 25.1 0.014
240 45 0.014
240 75.7 0.023
240 100.7 0.017
240 123.9 0.004
308 4.7 0.014
308 25 0.013
308 45.1 0.015
308 45.2 0.013
308 75.4 0.021
308 99.5 0.01
308 149.5 0.001
329 4.9 0.016
329 25.3 0.018
329 44.5 0.016
329 74.9 0.013
329 100.7 0.003
353 3.5 0.023
353 25 0.025
353 45.5 0.02
353 75.7 0.011
353 99.1 0.005
353 173.2 0.004
17 4.1 0.034
17 24.4 0.031
17 45 0.033
17 74.4 0.037
17 99.7 0.032
17 124.8 0.001
17 150.3 0.002
17 175.2 0.002
57 4.2 0.03
57 24 0.034
57 45.5 0.03
57 74.2 0.028
57 99.2 0.026
57 126.6 0.003
57 152.8 0.003
57 172.6 0.002
88 9.6 0.019
88 24.6 0.021
88 45.2 0.026
88 74.1 0.027
88 101.5 0.02
88 151.7 0.001
114 4.3 0.011
114 23.8 0.015
114 44.5 0.013
114 74.5 0.021
114 99.2 0.012
114 124.6 0.001
114 148.8 0.001
114 177.2 0.001
141 5 0.015
141 24.4 0.013
141 44.6 0.02
141 74.4 0.014
141 100.3 0.002
141 149.9 0.002
141 175 0.002
171 4.7 0.007
171 23.4 0.006
171 44.6 0.007
171 74.4 0.009
171 99.2 0.005
201 4.9 0.008
201 24.2 0.01
201 45.5 0.016
201 75.1 0.024
201 99.9 0.019
201 125.2 0.001
201 175.4 0.001
233 5.5 0.009
233 25.7 0.011
233 44.1 0.01
233 74 0.01
233 101 0.005
288 4.5 0.008
288 26.9 0.007
288 45 0.007
288 74.6 0.014
288 100.5 0.009
288 177.3 0.001
314 10.5 0.01
314 25.5 0.01
314 45.5 0.009
314 75.4 0.009
314 103.6 0.014
354 10 0.02
354 25.1 0.023
354 45.4 0.023
354 74.5 0.017
354 100.6 0.01
354 125.7 0.001
56 25.1 0.014
56 43.7 0.015
56 74.4 0.015
56 97.9 0.001
80 6.7 0.018
80 24.4 0.018
80 44.8 0.018
80 73.9 0.019
80 100 0.003
80 123.8 0.001
80 174.5 0.001
112 3.9 0.015
112 23.1 0.017
112 44 0.018
112 73.4 0.021
112 98.5 0.019
112 123.6 0.002
112 148.3 0.001
140 4.7 0.016
140 24.2 0.022
140 44.5 0.022
140 74.3 0.019
140 99.1 0.022
140 149.5 0.001
168 4 0.009
168 24.3 0.01
168 44.3 0.012
168 74.3 0.019
168 99.5 0.006
230 5.2 0.006
230 24.6 0.006
230 45.6 0.024
230 74.6 0.031
273 4.8 0.007
273 24.8 0.008
273 44.3 0.009
273 73.9 0.018
273 99.6 0.015
273 125.6 0.001
273 175.5 0.001
305 5 0.006
305 25.4 0.007
305 46.5 0.007
305 74.7 0.028
305 99.5 0.01
305 176.4 0.001
333 4.8 0.007
333 25 0.008
333 44.9 0.009
333 76.1 0.017
333 99.3 0.003
333 124.6 0.001
356 5.1 0.021
356 24.3 0.027
356 44.9 0.024
356 76.1 0.026
356 100.6 0.001
33 5 0.014
33 25.1 0.015
33 44.9 0.012
33 74.5 0.001
33 125 0.001
64 5.5 0.027
64 25.1 0.029
64 44.4 0.018
64 75 0.03
64 99.6 0.002
64 173.9 0.001
139 13.4 0.012
139 25.9 0.014
139 43.2 0.015
139 75.9 0.02
139 99.8 0.019
139 124.4 0.002
139 175 0.001
166 13.5 0.013
166 24.9 0.009
166 43.7 0.019
166 75.2 0.018
166 99.5 0.001
166 125.1 0.001
166 149.8 0.001
166 175.5 0.001
198 4.9 0.005
198 25.4 0.007
198 45.3 0.006
198 75 0.011
198 100.6 0.009
198 125 0.001
198 174.8 0.001
226 4.8 0.007
226 24.9 0.007
226 45.5 0.009
226 75.3 0.014
226 100.1 0.015
226 125.1 0.002
253 5.7 0.006
253 23.9 0.007
253 44.8 0.011
253 76.1 0.012
253 98.1 0.004
253 123.5 0.001
253 149.4 0.001
253 174.3 0.001
282 8 0.01
282 25.2 0.012
282 45.8 0.011
282 75.3 0.019
282 100.2 0.004
282 125.4 0.001
282 151.3 0.001
282 174.1 0.004
316 9.2 0.008
316 24.5 0.009
316 43.5 0.001
316 73.6 0.008
316 99 0.001
347 5 0.007
347 25.2 0.009
347 44.5 0.01
347 75.8 0.013
347 100.8 0.007
25 7.7 0.037
25 24.7 0.037
25 46.9 0.032
25 74.8 0.033
25 100.4 0.029
25 125.2 0.035
25 149.8 0.012
46 10.3 0.048
46 24.6 0.046
46 45.3 0.047
46 73.9 0.011
69 5.4 0.037
69 24.5 0.029
69 46.2 0.039
69 75.5 0.033
69 99.7 0.029
69 123.1 0.019
69 150 0.001
92 6.2 0.045
92 25.5 0.061
92 45 0.051
92 75.6 0.031
92 100.5 0.014
92 124.3 0.007
92 149.7 0.002
147 7.3 0.014
147 26.5 0.021
147 46.4 0.013
147 76.3 0.004
165 8.2 0.017
165 25 0.024
165 46 0.024
165 76.1 0.019
165 100.9 0.021
165 124.9 0.002
194 6.9 0.014
194 26.3 0.014
194 45.4 0.011
194 75 0.024
194 100.7 0.003
221 7.5 0.007
221 25.8 0.008
221 60 0.019
221 89.8 0.024
221 115 0.006
259 6.3 0.011
259 26.3 0.012
259 46.1 0.017
259 75.6 0.046
259 100.8 0.033
259 125.3 0.001
294 8.7 0.016
294 25.3 0.013
294 45.1 0.023
294 74.5 0.022
294 101.4 0.016
294 126 0.001
313 6.9 0.017
313 25 0.017
313 45.5 0.017
313 76.1 0.013
313 100.8 0.014
344 9 0.009
344 23.7 0.007
344 44.6 0.009
344 75 0.011
38 5.1 0.02
38 24.6 0.027
38 45.2 0.027
38 75.5 0.013
80 4.4 0.021
80 25 0.021
80 75.1 0.021
80 99.7 0.005
80 124.2 0.007
125 7.4 0.014
125 25.9 0.021
125 44.5 0.018
125 75.3 0.015
125 100.2 0.011
125 125.3 0.004
189 6.8 0.012
189 24.8 0.012
189 45.3 0.012
189 75.9 0.016
189 99.8 0.007
216 7.9 0.011
216 25.2 0.012
216 44.9 0.013
216 75.9 0.012
216 100.1 0.011
216 125.4 0.003
246 6.6 0.008
246 25.8 0.01
246 46 0.01
246 75.9 0.017
246 100.5 0.02
275 4.5 0.009
275 24.8 0.008
275 44.3 0.006
275 75.7 0.016
275 99 0.016
275 126 0.001
335 24.7 0.002
335 74.9 0.004
354 5.8 0.069
354 24 0.06
354 45.8 0.061
354 76 0.055
354 101.1 0.036
354 123.1 0.001
29 24.5 0.001
29 45.7 0.001
29 74.5 0.004
29 99.7 0.015
54 7.4 0.022
54 27.8 0.033
54 46.4 0.044
54 76.6 0.042
148 7.5 0.032
148 26.1 0.03
148 46 0.02
148 75.6 0.028
148 101.1 0.02
148 125.6 0.008
177 9.2 0.01
177 24.6 0.008
177 44.1 0.008
177 74.2 0.014
177 99.2 0.01
208 8.4 0.012
208 25.3 0.011
208 44.7 0.015
208 75 0.02
208 100.9 0.012
208 125.3 0.001
229 6.2 0.011
229 24.9 0.013
229 43.7 0.032
229 74.3 0.023
229 100.1 0.002
284 6 0.014
284 24.5 0.011
284 44.2 0.013
284 74.3 0.023
284 99.2 0.002
335 10.1 0.018
335 22.3 0.019
335 43.3 0.02
335 76.7 0.02
335 100.2 0.004
20 6.6 0.031
20 24.6 0.03
20 45.3 0.031
20 74.4 0.035
20 99.6 0.031
20 125.3 0.003
48 6.7 0.017
48 24.8 0.017
48 45.4 0.019
48 74.9 0.019
48 100 0.008
118 5 0.019
118 25 0.026
118 44.7 0.03
118 75 0.031
118 99.8 0.009
118 125.1 0.001
147 7.2 0.036
147 27.1 0.011
147 47 0.01
147 76.9 0.01
147 101.9 0.006
147 126.7 0.001
184 8.2 0.009
184 25.1 0.007
184 44.7 0.01
184 74.4 0.022
184 100.1 0.009
184 125.9 0.001
205 7.6 0.011
205 24.9 0.01
205 45.1 0.011
205 75.4 0.027
205 99.9 0.011
230 8.3 0.01
230 24.5 0.01
230 46.1 0.01
230 75 0.021
230 100.7 0.009
267 5.4 0.01
267 25.1 0.011
267 44.6 0.012
267 74.7 0.03
307 4.6 0.02
307 24 0.022
307 44.7 0.017
307 75.2 0.019
307 99.4 0.003
343 4.7 0.014
343 24.4 0.017
343 44.3 0.014
343 75 0.017
343 99.9 0.002
69 4.7 0.012
69 25.5 0.012
69 45.6 0.012
69 75.3 0.01
69 101.3 0.006
96 4.7 0.017
96 25.3 0.017
96 44.1 0.02
96 77.4 0.027
96 98.5 0.027
138 5 0.017
138 23.1 0.015
138 44.4 0.024
138 74.4 0.027
138 100.4 0.002
138 125.1 0.003
138 150.2 0.001
159 5.5 0.019
159 25.1 0.022
159 44.6 0.025
159 75.4 0.011
159 100.1 0.005
159 127.3 0.002
159 147.8 0.001
189 5.8 0.007
189 25.7 0.006
189 46.2 0.013
189 75.4 0.015
189 100.5 0.016
189 125.7 0.001
189 150.6 0.001
219 6 0.006
219 24.9 0.008
219 45.1 0.009
219 75.4 0.009
219 100.2 0.016
219 125.1 0.012
219 151.2 0.001
246 6.6 0.01
246 25 0.009
246 45 0.011
246 75.3 0.019
246 100.3 0.008
276 5.7 0.012
276 24.5 0.012
276 45.5 0.015
276 76 0.014
276 100.8 0.019
276 126 0.001
325 5.7 0.01
325 25.2 0.01
325 45 0.012
325 75.2 0.01
325 100.3 0.009
325 125.6 0.001
9 6.7 0.028
9 26.6 0.031
9 46.2 0.027
9 76.6 0.027
9 101.6 0.021
29 6.7 0.021
29 24.9 0.017
29 45.8 0.016
29 74.9 0.022
29 100 0.01
59 6.8 0.016
59 24.8 0.03
59 46.3 0.025
59 100.7 0.026
59 125.7 0.002
101 4.6 0.013
101 25.4 0.012
101 45.5 0.019
101 75 0.015
101 102.5 0.016
101 125.1 0.011
101 150.3 0.001
129 5.9 0.013
129 24.1 0.014
129 44 0.014
129 74.2 0.012
129 99.4 0.008
129 123.9 0.003
200 5.7 0.01
200 24.5 0.01
200 44.6 0.01
200 74.7 0.015
200 99.8 0.011
200 124.1 0.007
243 5.6 0.009
243 25.7 0.01
243 45.6 0.01
243 74.8 0.013
243 99.7 0.002
270 5.8 0.009
270 25.7 0.012
270 45.3 0.011
270 75.9 0.024
270 100.9 0.021
270 125.5 0.001
308 5.7 0.015
308 26 0.017
308 47.1 0.013
308 78.5 0.008
308 99.9 0.002
333 5.6 0.03
333 24.8 0.033
333 45.5 0.03
333 74.2 0.031
333 99.6 0.028
354 5.6 0.052
354 24.9 0.05
354 44.8 0.049
354 73.8 0.041
354 99.4 0.015
354 124 0.001
18 5.6 0.026
18 25.8 0.03
18 44.4 0.03
18 75.7 0.025
18 100.2 0.02
18 127.5 0.005
122 5.7 0.015
122 23.9 0.017
122 46.1 0.018
122 78.2 0.019
122 101.1 0.014
122 125.5 0.001
122 148.8 0.001
122 172.8 0.001
151 4.5 0.01
151 24.4 0.014
151 45.6 0.013
151 73.8 0.014
151 100.9 0.008
151 123.9 0.008
178 5 0.012
178 24.8 0.012
178 45.4 0.012
178 75.1 0.016
178 99.5 0.009
213 6.7 0.009
213 24.4 0.01
213 45.4 0.016
213 75.7 0.016
213 100.3 0.006
213 124.6 0.001
230 5.2 0.013
230 24.7 0.02
230 45.4 0.023
230 75.3 0.025
230 100.3 0.004
258 5.5 0.009
258 24.6 0.009
258 45.5 0.01
258 75.3 0.012
258 100.5 0.003
258 124.5 0.001
281 5.6 0.014
281 25.2 0.011
281 45.3 0.016
281 75.4 0.022
281 100.2 0.008
338 5.9 0.01
338 25.5 0.01
338 44.3 0.012
338 75.4 0.009
338 100.1 0.001
43 7.9 0.029
43 25.4 0.03
43 45.6 0.029
43 75.1 0.033
43 100 0.03
43 124.3 0.003
65 6.4 0.047
65 25.2 0.045
65 45.2 0.054
65 76.4 0.035
65 99.5 0.019
65 124.9 0.014
95 5.3 0.024
95 25.4 0.024
95 45.9 0.027
95 75.7 0.027
95 100 0.021
95 125.2 0.003
95 149 0.001
137 7.3 0.014
137 25 0.012
137 45.3 0.018
137 75.5 0.015
137 100.4 0.01
176 8 0.009
176 25.9 0.008
176 45.1 0.013
176 76.1 0.013
176 101.8 0.001
254 6.8 0.008
254 25.4 0.006
254 45.2 0.008
254 75.6 0.014
254 101.3 0.002
300 7.7 0.019
300 25.4 0.017
300 45.7 0.019
300 75.5 0.026
300 100.2 0.003
300 124.8 0.001
330 7.6 0.01
330 25.2 0.011
330 45.7 0.01
330 74.3 0.031
330 100.7 0.005
354 7.5 0.011
354 25.2 0.011
354 45.6 0.011
354 74.8 0.009
354 100.5 0.001
15 6.3 0.011
15 23.8 0.008
15 45.9 0.012
15 75.9 0.01
15 101.1 0.011
45 7.8 0.033
45 26.2 0.033
45 44.2 0.035
45 74.9 0.018
45 100.4 0.002
45 125.4 0.001
64 7 0.032
64 24.8 0.032
64 46.4 0.033
64 75.5 0.025
64 100.5 0.003
100 4.5 0.018
100 23.9 0.015
100 45 0.015
100 72.8 0.023
100 99.2 0.022
100 124.8 0.013
100 149.1 0.01
100 175 0.004
152 5.4 0.023
152 24.7 0.018
152 44.8 0.017
152 75.4 0.014
181 5.1 0.016
181 24.9 0.015
181 45.2 0.017
181 75.7 0.017
181 100 0.009
257 7.7 0.012
257 25.6 0.017
257 45.1 0.013
257 75.3 0.043
257 100.2 0.005
257 125.1 0.001
286 8 0.008
286 24.9 0.008
286 45.8 0.01
286 74.1 0.024
286 100.3 0.005
325 6.9 0.015
325 25.4 0.021
325 44.7 0.016
325 74.4 0.013
325 100.4 0.001
350 7.4 0.015
350 25.1 0.017
350 44.5 0.016
350 75.3 0.016
350 100.6 0.005
