"DOY" "Depth" "EUK"
354 101.8 0.02
354 122 0.006
354 144.9 0.002
354 7.7 0.003
354 26.1 0.006
354 52.4 0.016
354 77.6 0.015
34 6.7 0.01
34 26.5 0.009
34 46.6 0.009
34 79.6 0.022
34 104.2 0.024
34 113.5 0.032
34 119.5 0.025
34 130.5 0.011
34 162.4 0.002
67 31.1 0.002
67 49.6 0.007
67 72.9 0.013
67 101.7 0.013
67 124.6 0.008
67 139.5 0.004
67 147.6 0.001
67 156 0.001
67 179.9 0.002
101 8.2 0.002
101 27.7 0.001
101 46.9 0.003
101 76.9 0.002
101 92.1 0.012
101 102.2 0.026
101 107.2 0.014
101 117 0.011
101 131.4 0.006
101 140.5 0.004
101 155.7 0.002
129 25.4 0.003
129 47.7 0.002
129 80.5 0.003
156 6.1 0.002
156 27.4 0.002
156 50.5 0.003
156 79.8 0.006
156 105.8 0.004
156 132.1 0.015
156 141 0.008
156 157.1 0.002
156 184.4 0.001
191 8.8 0.004
191 28.1 0.009
191 50 0.003
191 77.5 0.005
191 98 0.007
191 110 0.002
191 120.2 0.002
191 130.9 0.001
191 139 0.001
223 5.8 0.001
223 24.9 0.002
223 49.4 0.002
223 77.2 0.003
223 101.8 0.005
223 111.8 0.002
223 117 0.01
223 121.5 0.009
223 131.2 0.004
223 155.1 0.003
223 184.1 0.002
262 13.5 0.002
262 33.1 0.002
262 52.2 0.004
262 81.6 0.004
262 107.3 0.009
262 132.5 0.003
262 157.6 0.001
262 186.2 0.001
295 7.2 0.001
295 27.2 0.002
295 46.8 0.002
295 60.1 0.005
295 75.4 0.008
295 87.8 0.009
295 101 0.007
295 111.8 0.002
295 125.4 0.001
295 152.3 0.002
295 158.9 0.001
162 9 0.003
162 28.8 0.004
162 48.4 0.006
162 79 0.008
162 104.4 0.02
162 119.3 0.022
162 123.7 0.027
162 129 0.023
162 134 0.017
162 139 0.012
162 156.5 0.009
162 180.3 0.003
188 9.6 0.005
188 29.3 0.007
188 47.5 0.007
188 78.4 0.006
188 98.8 0.008
188 109 0.021
188 114.1 0.015
188 119 0.009
188 124.8 0.009
188 134.9 0.005
188 154.6 0.002
188 179 0.001
218 9.8 0.01
218 29.9 0.008
218 49 0.006
218 64.5 0.008
218 79.7 0.01
218 88.8 0.017
218 104.4 0.031
218 119.7 0.013
218 128.6 0.006
218 141 0.006
218 158.6 0.002
218 177.3 0.003
21 5.2 0.008
21 24.7 0.012
21 43.4 0.013
21 74.6 0.01
21 90 0.009
21 113.4 0.006
21 124.5 0.005
21 150.9 0.002
105 5.8 0.003
105 23.7 0.003
105 43.8 0.002
105 74.2 0.006
105 89.6 0.006
105 100.2 0.031
105 103.7 0.029
105 109.2 0.02
105 119.5 0.026
105 135.1 0.027
105 149.8 0.011
105 173.1 0.004
140 6.7 0.002
140 24.5 0.008
140 45.1 0.008
140 75.7 0.008
140 100.7 0.005
140 109.4 0.022
140 119.2 0.008
140 128.8 0.016
140 135.1 0.016
140 144.1 0.014
140 160.8 0.008
140 174.7 0.003
258 5.2 0.003
258 25.1 0.004
258 46.2 0.003
258 76 0.002
258 100.7 0.006
258 115.9 0.007
258 120.7 0.008
258 125.9 0.006
258 130.1 0.005
258 139.9 0.005
258 149.8 0.002
258 175.6 0.002
303 5.7 0.003
303 25.8 0.005
303 47.4 0.007
303 74.4 0.007
303 90 0.005
303 100.4 0.016
303 115.6 0.015
303 119.7 0.014
303 125.6 0.015
303 137.1 0.005
303 151.7 0.001
21 7.1 0.009
21 27 0.008
21 46.3 0.008
21 75 0.008
21 89.6 0.007
21 100.1 0.005
21 116 0.009
21 126.1 0.006
21 135.3 0.004
21 148.8 0.002
21 173.7 0.001
49 6.3 0.01
49 25.8 0.01
49 44.2 0.011
49 60.5 0.011
49 77.5 0.013
49 86.1 0.005
49 102.1 0.006
49 126.4 0.007
49 135.6 0.007
49 149.8 0.006
49 174 0.005
49 191.9 0.002
69 4.5 0.004
69 24.4 0.004
69 44.5 0.005
69 74.7 0.007
69 99.4 0.009
69 124.6 0.009
69 141 0.012
69 145.1 0.012
69 150 0.008
69 154.6 0.013
69 160.5 0.011
69 176.1 0.002
169 5.1 0.001
169 24 0.002
169 44.4 0.002
169 74.9 0.003
169 98.7 0.001
169 98.7 0.004
169 126 0.008
169 140.4 0.016
169 150 0.016
169 160.3 0.009
169 175.1 0.005
207 5.2 0.014
207 24.9 0.016
207 43.6 0.013
207 74.6 0.004
207 100.6 0.006
207 109.9 0.005
207 123.8 0.002
207 150.5 0.002
207 173.7 0.001
243 5.1 0.005
243 9.9 0.004
243 25.4 0.004
243 34.5 0.005
243 45 0.005
243 59.8 0.036
243 74.4 0.008
243 100.2 0.006
243 149.6 0.001
243 165.6 0.001
243 174.8 0.003
267 5.7 0.002
267 25.5 0.002
267 45.7 0.001
267 75.6 0.004
267 85.3 0.002
267 95.3 0.006
267 100.5 0.013
267 111.7 0.025
267 126.1 0.009
267 150.9 0.005
267 174.6 0.001
289 5 0.015
289 24.5 0.012
289 45.6 0.014
289 75.5 0.015
289 101.2 0.007
289 125.8 0.001
289 151.7 0.001
324 5.6 0.002
324 26.1 0.002
324 45.9 0.002
324 76.1 0.004
324 90.1 0.006
324 99.4 0.009
324 109.9 0.007
324 128.6 0.004
324 149.4 0.001
38 5.6 0.003
38 24.5 0.003
38 44.8 0.003
38 75.7 0.002
38 101.2 0.006
38 114.2 0.009
38 123.9 0.009
38 134.3 0.01
38 140.8 0.009
38 150.9 0.005
38 174.6 0.002
64 4.8 0.012
64 25.4 0.013
64 44.8 0.015
64 74.5 0.023
64 100.8 0.014
64 124.3 0.003
64 150.6 0.001
97 4.7 0.01
97 24.5 0.009
97 44.4 0.009
97 74.2 0.007
97 100.6 0.004
97 125.8 0.008
97 134.3 0.011
97 137.5 0.007
97 145.4 0.006
97 149.5 0.006
97 174.6 0.004
128 45.2 0.001
128 75 0.001
128 99.4 0.001
128 110 0.002
128 115.2 0.004
128 120.1 0.007
128 125 0.025
128 150.6 0.006
128 175.7 0.002
212 4.3 0.003
212 25 0.003
212 39.9 0.006
212 59.6 0.013
212 79.1 0.03
212 89.9 0.009
212 99.4 0.002
212 150.1 0.004
241 5 0.004
241 25 0.002
241 45 0.005
241 100 0.013
241 125 0.007
271 4.9 0.005
271 16 0.006
271 24.8 0.004
271 34.9 0.005
271 44.2 0.004
271 54.7 0.005
271 64.5 0.006
271 74.6 0.011
271 94.1 0.013
271 99.3 0.009
271 110.7 0.012
271 124.9 0.004
271 149.7 0.001
271 174.3 0.001
300 5 0.004
300 25 0.006
300 45 0.003
300 75 0.008
300 100 0.015
300 125 0.006
300 150 0.001
300 175 0.001
321 5 0.007
321 25 0.006
321 45 0.008
321 75 0.01
321 100 0.027
321 125 0.003
321 150 0.001
17 5 0.009
17 25 0.01
17 45 0.009
17 75 0.01
17 100 0.011
17 125 0.001
17 150 0.001
87 5 0.014
87 25 0.004
87 45 0.005
87 75 0.007
87 100 0.002
87 125 0.002
115 5 0.01
115 25 0.009
115 45 0.008
115 75 0.008
115 100 0.003
115 125 0.012
143 5 0.012
143 25 0.013
143 45 0.015
143 75 0.014
143 100 0.008
143 125 0.005
143 150 0.003
178 5 0.012
178 25 0.01
178 45 0.008
178 75 0.013
178 100 0.008
178 125 0.001
178 150 0.008
209 5 0.014
209 25 0.012
209 45 0.015
209 75 0.014
209 100 0.008
209 125 0.003
209 150 0.003
234 5 0.002
234 25 0.004
234 45 0.002
234 75 0.002
234 100 0.01
234 125 0.018
234 150 0.004
234 175 0.002
276 5 0.001
276 25 0.003
276 45 0.003
276 75 0.002
276 125 0.001
276 150 0.001
304 5 0.005
304 25 0.005
304 45 0.004
304 75 0.008
304 100 0.013
304 125 0.01
304 150 0.003
304 175 0.001
346 5 0.013
346 25 0.011
346 45 0.014
346 75 0.008
346 100 0.013
346 125 0.008
346 150 0.003
8 5 0.018
8 25 0.017
8 45 0.026
8 75 0.041
8 100 0.019
8 125 0.01
8 150 0.006
8 175 0.002
49 5 0.008
49 25 0.008
49 45 0.008
49 75 0.007
49 100 0.018
49 125 0.014
49 175 0.004
71 5 0.038
71 25 0.039
71 45 0.037
71 75 0.012
71 100 0.031
71 125 0.005
71 150 0.003
99 5 0.012
99 25 0.015
99 45 0.026
99 75 0.018
99 100 0.014
99 125 0.002
99 175 0.001
127 5 0.009
127 25 0.009
127 45 0.006
127 75 0.006
127 100 0.012
127 125 0.013
127 150 0.003
127 175 0.001
155 5 0.004
155 25 0.009
155 45 0.011
155 75 0.012
155 100 0.012
155 125 0.02
155 150 0.006
190 5 0.008
190 25 0.006
190 45 0.003
190 75 0.008
190 100 0.009
190 125 0.01
190 150 0.003
214 5 0.011
214 25 0.001
214 45 0.01
214 75 0.011
214 100 0.012
214 125 0.013
214 150 0.008
214 175 0.003
268 5 0.007
268 25 0.007
268 45 0.008
268 75 0.01
268 100 0.008
268 125 0.016
268 150 0.007
11 5 0.008
11 25 0.012
11 45 0.011
11 75 0.005
11 100 0.011
11 125 0.007
11 150 0.001
11 175 0.002
50 5 0.011
50 25 0.011
50 45 0.009
50 75 0.011
50 100 0.024
50 125 0.006
77 5 0.005
77 25 0.009
77 45 0.009
77 75 0.012
77 100 0.024
77 125 0.018
77 150 0.012
77 175 0.008
105 5 0.011
105 25 0.005
105 45 0.006
105 75 0.008
105 100 0.023
105 125 0.013
105 150 0.004
133 5 0.006
133 25 0.007
133 45 0.005
133 75 0.004
133 100 0.001
133 125 0.007
133 150 0.003
133 175 0.002
168 5 0.007
168 25 0.007
168 45 0.009
168 75 0.005
168 100 0.004
168 125 0.009
168 150 0.002
168 175 0.001
196 5 0.012
196 25 0.012
196 45 0.012
196 75 0.006
196 100 0.006
196 125 0.007
196 150 0.002
196 175 0.001
222 5 0.004
222 25 0.004
222 45 0.004
222 75 0.004
222 100 0.014
222 125 0.009
222 150 0.003
222 175 0.005
271 5 0.003
271 25 0.004
271 45 0.004
271 75 0.004
271 100 0.004
271 125 0.015
271 150 0.002
271 175 0.002
292 5.7 0.026
292 25.1 0.011
292 45.5 0.016
292 75.4 0.018
292 100.3 0.04
292 125.4 0.023
292 150 0.024
292 175.3 0.008
292 5 0.002
292 25 0.003
292 45 0.003
292 75 0.002
292 100 0.006
292 125 0.01
292 150 0.006
292 175 0.003
315 5 0.007
315 24.6 0.021
315 43.9 0.009
315 75.2 0.006
315 100.2 0.035
315 125.1 0.008
315 149.7 0.005
315 5 0.001
315 25 0.001
315 45 0.002
315 75 0.003
315 100 0.016
315 125 0.004
315 150 0.001
343 5 0.004
343 25 0.005
343 45 0.006
343 75 0.003
343 100 0.008
343 125 0.008
13 4.4 0.013
13 25.7 0.016
13 46.2 0.016
13 75.9 0.019
13 100.6 0.04
13 125.4 0.016
13 150.2 0.002
13 175.6 0.003
13 5 0.014
13 25 0.009
13 45 0.013
13 75 0.013
13 100 0.009
13 125 0.008
13 150 0.006
49 5 0.013
49 25 0.011
49 45 0.009
49 75 0.005
49 100 0.003
76 5 0.01
76 25 0.014
76 45 0.016
76 75 0.014
76 100 0.004
76 125 0.001
76 150 0.003
76 175 0.002
104 5 0.008
104 25 0.007
104 45 0.009
104 75 0.006
104 100 0.008
104 125 0.003
104 150 0.01
130 5 0.012
130 25 0.012
130 45 0.01
130 75 0.011
130 100 0.013
130 125 0.012
195 5 0.012
195 25 0.007
195 45 0.013
195 75 0.009
195 100 0.005
195 125 0.002
195 150 0.002
195 175 0.002
226 5 0.008
226 25 0.007
226 45 0.009
226 75 0.01
226 100 0.019
226 125 0.005
226 150 0.001
288 5 0.004
288 25 0.006
288 45 0.006
288 75 0.002
288 100 0.003
288 125 0.001
288 150 0.002
313 5 0.007
313 25 0.006
313 45 0.006
313 75 0.006
313 100 0.006
313 125 0.003
313 150 0.001
349 5 0.006
349 25 0.007
349 45 0.006
349 75 0.005
349 100 0.004
349 125 0.001
349 175 0.001
34 5 0.005
34 25 0.003
34 45 0.003
34 75 0.005
34 100 0.004
34 150 0.001
61 5 0.01
61 25 0.009
61 45 0.025
61 75 0.009
61 100 0.01
61 125 0.003
61 175 0.001
89 5 0.036
89 25 0.029
89 45 0.032
89 75 0.029
89 100 0.007
89 125 0.015
89 150 0.001
89 175 0.001
117 5 0.012
117 25 0.02
117 45 0.014
117 75 0.021
117 100 0.015
117 125 0.002
117 150 0.005
117 175 0.004
146 5.2 0.01
146 24.7 0.011
146 45 0.004
146 74.5 0.011
146 99.1 0.01
146 125.1 0.008
146 150.3 0.009
146 175.3 0.004
173 5 0.008
173 24.6 0.009
173 45.4 0.009
173 75.6 0.009
173 99.7 0.008
173 124.9 0.012
173 149.8 0.005
173 174.5 0.001
173 25 0.008
173 45 0.006
208 4.6 0.007
208 24.8 0.006
208 44.3 0.01
208 74.2 0.008
208 100 0.005
208 125.5 0.013
208 149.3 0.004
208 173.9 0.003
208 25 0.007
208 45 0.01
236 4.9 0.006
236 25 0.005
236 44.9 0.006
236 74.1 0.007
236 98.8 0.008
236 125.1 0.007
236 149.5 0.003
236 25 0.01
236 45 0.005
292 4.6 0.003
292 4.6 0.003
292 4.7 0.003
292 24.9 0.005
292 24.9 0.005
292 24.9 0.004
292 45 0.006
292 45 0.005
292 45 0.004
292 74.3 0.003
292 74.2 0.008
292 74.1 0.008
292 98.9 0.007
292 98.9 0.006
292 98.9 0.008
292 125.4 0.002
292 125.4 0.003
292 125.3 0.001
292 147.9 0.002
335 4.8 0.007
335 4.7 0.008
335 4.7 0.007
335 25.2 0.009
335 25.1 0.007
335 25.1 0.009
335 45 0.009
335 45 0.007
335 44.9 0.007
335 74.3 0.022
335 74.2 0.022
335 74.4 0.021
335 98.8 0.009
335 99.2 0.01
335 99.1 0.009
335 123.7 0.005
335 123.8 0.008
335 123.9 0.007
335 149 0.003
335 171.8 0.001
355 5.2 0.006
355 5.2 0.007
355 5 0.004
355 24.4 0.003
355 24.3 0.004
355 43.2 0.005
355 43.1 0.005
355 73.4 0.005
355 73.6 0.005
355 73.7 0.005
355 101.4 0.003
355 101 0.005
355 100.4 0.002
355 121 0.01
355 121.1 0.012
355 122.2 0.008
355 150.4 0.004
355 174.5 0.001
17 3.8 0.009
17 23.5 0.011
17 44 0.012
17 73.3 0.01
17 99.7 0.007
17 123.6 0.003
17 148 0.003
17 174.8 0.001
81 3.9 0.006
81 23.8 0.005
81 44 0.005
81 75.7 0.008
81 98.9 0.005
81 123.7 0.008
81 148.4 0.013
81 173.7 0.001
108 3.9 0.009
108 23.6 0.006
108 43.3 0.006
108 73.8 0.006
108 98.7 0.006
108 123.4 0.015
108 148.7 0.009
108 173 0.004
137 4.8 0.01
137 24.7 0.01
137 44.8 0.007
137 74.5 0.006
137 98.8 0.008
137 124.1 0.018
137 150.3 0.009
137 176.9 0.004
165 4 0.009
165 23.5 0.011
165 44.1 0.011
165 73.4 0.024
165 99.3 0.007
165 122.6 0.017
165 148.7 0.008
165 173.7 0.004
192 4.3 0.01
192 23.7 0.011
192 44.9 0.015
192 73.8 0.01
192 100.3 0.01
192 124 0.007
192 148.7 0.003
192 175.1 0.001
220 4.7 0.01
220 24.9 0.01
220 44.7 0.007
220 76 0.01
220 99.1 0.021
220 124.9 0.007
220 149 0.002
275 4.8 0.007
275 25.8 0.009
275 45.2 0.007
275 74.1 0.008
275 100.9 0.013
275 124.6 0.014
275 149.8 0.005
275 175.3 0.002
296 4.8 0.01
296 24.6 0.011
296 45.2 0.018
296 75.3 0.011
296 100.3 0.009
296 124.7 0.006
296 150.4 0.003
296 174.5 0.001
321 4.2 0.014
321 24.4 0.013
321 44.2 0.018
321 74.5 0.017
321 99.4 0.009
321 124.5 0.004
349 4.2 0.011
349 24.1 0.012
349 43.6 0.017
349 57.8 0.015
349 75.5 0.014
349 84.1 0.013
349 98.1 0.019
349 114.6 0.008
349 123.8 0.005
349 134.4 0.002
349 150.6 0.001
16 4.4 0.013
16 23.6 0.013
16 44.5 0.015
16 74.1 0.018
16 98.8 0.011
16 124.4 0.009
16 150.3 0.002
16 176.3 0.001
52 4 0.009
52 24.3 0.011
52 44.7 0.013
52 74 0.013
52 100.7 0.016
52 125.6 0.003
52 148.6 0.001
52 177.9 0.002
72 4.1 0.018
72 24.2 0.021
72 44 0.018
72 74.5 0.015
72 98.1 0.021
72 123.7 0.013
72 150.5 0.012
72 174.4 0.008
141 4.1 0.005
141 24 0.006
141 43.5 0.008
141 73.6 0.006
141 99 0.009
141 124.1 0.014
141 149.2 0.006
141 175.8 0.002
181 4 0.005
181 24.2 0.009
181 44.3 0.008
181 74.6 0.013
181 100.3 0.017
181 124.2 0.008
181 148.7 0.004
181 174.7 0.001
240 4.3 0.011
240 25.1 0.01
240 45 0.012
240 75.7 0.014
240 100.7 0.008
240 123.9 0.009
240 150.8 0.01
240 175.7 0.002
308 4.7 0.007
308 25 0.012
308 45.1 0.007
308 45.2 0.035
308 75.4 0.016
308 99.5 0.01
308 126.2 0.004
308 149.5 0.002
329 4.9 0.005
329 25.3 0.005
329 44.5 0.012
329 74.9 0.01
329 100.7 0.007
329 126.4 0.004
329 150.9 0.002
353 3.5 0.009
353 25 0.007
353 45.5 0.012
353 75.7 0.01
353 99.1 0.009
353 125.3 0.006
353 151.5 0.002
353 173.2 0.002
17 4.1 0.014
17 24.4 0.015
17 45 0.015
17 74.4 0.025
17 99.7 0.016
17 124.8 0.008
17 150.3 0.004
17 175.2 0.001
57 4.2 0.016
57 24 0.018
57 45.5 0.016
57 74.2 0.018
57 99.2 0.014
57 126.6 0.023
57 152.8 0.01
57 172.6 0.005
88 9.6 0.017
88 24.6 0.018
88 45.2 0.015
88 74.1 0.02
88 101.5 0.016
88 125.5 0.022
88 151.7 0.006
88 174.9 0.001
114 4.3 0.01
114 23.8 0.012
114 44.5 0.008
114 74.5 0.018
114 99.2 0.022
114 124.6 0.028
114 148.8 0.011
114 177.2 0.005
141 5 0.017
141 24.4 0.016
141 44.6 0.024
141 74.4 0.021
141 100.3 0.042
141 123.9 0.018
141 149.9 0.005
171 4.7 0.009
171 23.4 0.012
171 44.6 0.01
171 74.4 0.018
171 99.2 0.02
171 124.3 0.016
171 148.6 0.007
171 176.1 0.003
201 4.9 0.009
201 24.2 0.007
201 45.5 0.011
201 75.1 0.011
201 99.9 0.009
201 125.2 0.014
201 149.8 0.01
201 175.4 0.002
233 5.5 0.013
233 25.7 0.017
233 44.1 0.014
233 74 0.015
233 101 0.012
233 129.6 0.014
233 147.8 0.007
233 173.9 0.002
288 4.5 0.009
288 26.9 0.009
288 45 0.009
288 74.6 0.01
288 100.5 0.013
288 123.7 0.011
288 149.1 0.002
288 177.3 0.001
314 10.5 0.01
314 25.5 0.017
314 45.5 0.008
314 75.4 0.015
314 103.6 0.01
314 129.3 0.013
314 144.9 0.007
314 176.3 0.001
354 10 0.013
354 25.1 0.014
354 45.4 0.009
354 74.5 0.01
354 100.6 0.017
354 125.7 0.013
354 149 0.004
56 25.1 0.009
56 43.7 0.019
56 74.4 0.009
56 97.9 0.019
56 123.6 0.002
56 149.9 0.001
56 177 0.001
80 6.7 0.016
80 24.4 0.014
80 44.8 0.028
80 73.9 0.022
80 100 0.028
80 123.8 0.016
80 148.7 0.005
80 174.5 0.004
112 3.9 0.012
112 23.1 0.009
112 44 0.01
112 73.4 0.014
112 98.5 0.015
112 123.6 0.013
112 148.3 0.005
112 174.1 0.002
140 4.7 0.01
140 24.2 0.009
140 44.5 0.012
140 74.3 0.013
140 99.1 0.011
140 124.6 0.021
140 149.5 0.007
140 174.8 0.002
168 4 0.01
168 24.3 0.012
168 44.3 0.02
168 74.3 0.012
168 99.5 0.016
168 124.4 0.011
168 149.2 0.005
168 174.8 0.002
230 5.2 0.01
230 24.6 0.009
230 45.6 0.03
230 74.6 0.013
230 99.1 0.033
230 124.4 0.009
230 149.3 0.004
230 175 0.001
273 4.8 0.009
273 24.8 0.014
273 44.3 0.035
273 73.9 0.023
273 99.6 0.01
273 125.6 0.009
273 149.3 0.006
273 175.5 0.002
305 5 0.01
305 25.4 0.01
305 46.5 0.012
305 74.7 0.009
305 99.5 0.016
305 125.6 0.013
305 150 0.006
305 176.4 0.002
333 4.8 0.008
333 25 0.009
333 44.9 0.017
333 76.1 0.012
333 99.3 0.014
333 124.6 0.009
333 150 0.003
356 5.1 0.019
356 24.3 0.02
356 44.9 0.026
356 76.1 0.031
356 100.6 0.019
356 124.8 0.003
33 5 0.007
33 25.1 0.014
33 44.9 0.025
33 74.5 0.013
33 100.3 0.005
33 125 0.004
64 5.5 0.013
64 25.1 0.015
64 44.4 0.018
64 75 0.016
64 99.6 0.014
64 125.3 0.007
64 150 0.002
139 13.4 0.01
139 25.9 0.01
139 43.2 0.01
139 75.9 0.008
139 99.8 0.008
139 124.4 0.015
139 149.7 0.006
139 175 0.006
166 13.5 0.013
166 24.9 0.013
166 43.7 0.016
166 75.2 0.011
166 99.5 0.034
166 125.1 0.013
166 149.8 0.002
166 175.5 0.002
198 4.9 0.007
198 25.4 0.006
198 45.3 0.007
198 75 0.009
198 100.6 0.009
198 125 0.021
198 150.1 0.009
198 174.8 0.002
226 4.8 0.008
226 24.9 0.008
226 45.5 0.005
226 75.3 0.008
226 100.1 0.005
226 125.1 0.007
226 150.1 0.008
226 175.8 0.004
253 5.7 0.004
253 23.9 0.007
253 44.8 0.008
253 76.1 0.005
253 98.1 0.009
253 123.5 0.004
253 149.4 0.003
253 174.3 0.002
282 8 0.007
282 25.2 0.005
282 45.8 0.006
282 75.3 0.007
282 100.2 0.013
282 125.4 0.009
282 151.3 0.003
282 174.1 0.001
316 9.2 0.009
316 24.5 0.008
316 43.5 0.009
316 73.6 0.008
316 99 0.015
316 123.8 0.01
316 148.8 0.005
316 174.7 0.004
347 5 0.007
347 25.2 0.006
347 44.5 0.008
347 75.8 0.005
347 100.8 0.009
347 125.1 0.011
347 149.2 0.006
347 178.7 0.002
25 7.7 0.013
25 24.7 0.014
25 46.9 0.012
25 74.8 0.013
25 100.4 0.013
25 125.2 0.016
25 149.8 0.01
25 175.7 0.003
46 10.3 0.013
46 24.6 0.013
46 45.3 0.013
46 73.9 0.02
46 100.4 0.008
46 125.3 0.003
46 149.8 0.001
46 177 0.001
69 5.4 0.017
69 24.5 0.014
69 46.2 0.013
69 75.5 0.017
69 99.7 0.009
69 123.1 0.009
69 150 0.007
69 173.6 0.002
92 6.2 0.01
92 25.5 0.009
92 45 0.006
92 75.6 0.022
92 100.5 0.021
92 124.3 0.008
92 149.7 0.003
92 176.3 0.002
147 7.3 0.009
147 26.5 0.008
147 46.4 0.01
147 76.3 0.023
147 101.2 0.025
147 124.6 0.012
147 150.4 0.005
147 176.2 0.002
165 8.2 0.009
165 25 0.009
165 46 0.01
165 76.1 0.009
165 100.9 0.01
165 124.9 0.019
165 150.9 0.01
165 176.6 0.001
194 6.9 0.008
194 26.3 0.033
194 45.4 0.017
194 75 0.01
194 100.7 0.011
194 125.5 0.005
194 149.8 0.002
194 174.5 0.002
221 25.8 0.001
221 60 0.001
221 89.8 0.001
221 115 0.002
221 150.5 0.001
221 164.5 0.001
259 6.3 0.004
259 26.3 0.003
259 46.1 0.01
259 75.6 0.012
259 100.8 0.01
259 125.3 0.013
259 150.4 0.005
259 175.7 0.001
294 8.7 0.003
294 25.3 0.003
294 45.1 0.001
294 74.5 0.001
294 101.4 0.007
294 126 0.009
294 151.6 0.007
294 173.6 0.002
313 6.9 0.005
313 25 0.008
313 45.5 0.007
313 76.1 0.005
313 100.8 0.009
313 124.8 0.012
313 150.1 0.003
313 175 0.001
344 9 0.006
344 23.7 0.005
344 44.6 0.005
344 75 0.004
344 101 0.011
344 125.7 0.007
344 175.6 0.001
38 5.1 0.01
38 24.6 0.006
38 45.2 0.008
38 75.5 0.009
38 100.8 0.008
38 123.4 0.001
80 4.4 0.008
80 25 0.008
80 75.1 0.017
80 99.7 0.034
80 124.2 0.004
80 149.7 0.002
125 7.4 0.013
125 25.9 0.012
125 44.5 0.013
125 75.3 0.011
125 100.2 0.009
125 125.3 0.015
125 149.6 0.008
125 174.5 0.002
189 6.8 0.005
189 24.8 0.007
189 45.3 0.008
189 75.9 0.006
189 99.8 0.01
189 124.8 0.009
189 149.7 0.004
189 175 0.002
216 7.9 0.005
216 25.2 0.006
216 44.9 0.004
216 75.9 0.004
216 100.1 0.003
216 125.4 0.007
216 149.9 0.011
216 175.3 0.005
246 6.6 0.005
246 25.8 0.004
246 46 0.004
246 75.9 0.006
246 100.5 0.007
246 125.4 0.011
246 150.5 0.002
246 176 0.002
275 4.5 0.007
275 24.8 0.005
275 44.3 0.012
275 75.7 0.006
275 99 0.005
275 126 0.011
275 149.7 0.003
275 176.9 0.001
335 8.8 0.009
335 24.7 0.008
335 44.9 0.007
335 74.9 0.01
335 99.4 0.024
335 126.3 0.006
354 5.8 0.023
354 24 0.022
354 45.8 0.026
354 76 0.029
354 101.1 0.029
354 123.1 0.01
354 149.2 0.002
354 175.1 0.001
29 5.8 0.018
29 24.5 0.016
29 45.7 0.017
29 74.5 0.014
29 99.7 0.018
29 150.5 0.002
54 7.4 0.015
54 27.8 0.016
54 46.4 0.012
54 76.6 0.009
54 126.3 0.009
54 151.7 0.003
54 176.6 0.001
148 7.5 0.035
148 26.1 0.021
148 46 0.012
148 75.6 0.015
148 101.1 0.006
148 125.6 0.003
148 150 0.008
148 175.6 0.003
177 9.2 0.013
177 24.6 0.009
177 44.1 0.009
177 74.2 0.011
177 99.2 0.007
177 124.3 0.021
177 149.5 0.007
177 174 0.001
208 8.4 0.007
208 25.3 0.005
208 44.7 0.009
208 75 0.009
208 100.9 0.005
208 125.3 0.011
208 150 0.004
208 176.1 0.001
229 6.2 0.007
229 24.9 0.008
229 43.7 0.012
229 74.3 0.009
229 100.1 0.015
229 125.6 0.007
229 150.2 0.003
229 174.3 0.001
284 6 0.01
284 24.5 0.008
284 44.2 0.008
284 74.3 0.009
284 99.2 0.015
284 124.1 0.009
284 148.9 0.003
284 174 0.001
335 10.1 0.01
335 22.3 0.01
335 43.3 0.009
335 76.7 0.01
335 100.2 0.009
335 121.8 0.016
335 147.5 0.004
335 175 0.001
20 6.6 0.012
20 24.6 0.011
20 45.3 0.009
20 74.4 0.014
20 99.6 0.012
20 125.3 0.009
20 150.4 0.005
48 6.7 0.011
48 24.8 0.01
48 45.4 0.009
48 74.9 0.01
48 100 0.023
48 126 0.01
48 150 0.003
48 173.9 0.001
118 5 0.014
118 25 0.013
118 44.7 0.016
118 75 0.016
118 99.8 0.024
118 125.1 0.011
118 150.1 0.004
118 175.2 0.001
147 7.2 0.007
147 27.1 0.009
147 47 0.007
147 76.9 0.007
147 101.9 0.007
147 126.7 0.017
147 151.7 0.007
147 176.8 0.003
184 8.2 0.006
184 25.1 0.008
184 44.7 0.011
184 74.4 0.012
184 100.1 0.009
184 125.9 0.02
184 150.1 0.007
184 175.3 0.004
205 7.6 0.007
205 24.9 0.009
205 45.1 0.009
205 75.4 0.013
205 99.9 0.008
205 124.9 0.008
205 150.2 0.004
205 175.3 0.001
230 8.3 0.008
230 24.5 0.007
230 46.1 0.008
230 75 0.008
230 100.7 0.007
230 124.4 0.007
230 151.3 0.007
230 176 0.003
267 5.4 0.006
267 25.1 0.007
267 44.6 0.008
267 74.7 0.01
267 99.8 0.021
267 125.2 0.008
267 150.2 0.003
267 176.7 0.002
307 4.6 0.012
307 24 0.009
307 44.7 0.009
307 75.2 0.009
307 99.4 0.021
307 127 0.009
307 149.6 0.003
307 171.4 0.001
343 4.7 0.009
343 24.4 0.009
343 44.3 0.013
343 75 0.008
343 99.9 0.011
343 126.5 0.008
343 151.6 0.004
69 4.7 0.013
69 25.5 0.013
69 45.6 0.009
69 75.3 0.012
69 101.3 0.015
69 125.4 0.011
69 150.8 0.003
69 172.8 0.001
96 4.7 0.006
96 25.3 0.007
96 44.1 0.007
96 77.4 0.008
96 98.5 0.008
96 123.3 0.011
96 150 0.003
96 174.2 0.001
138 5 0.011
138 23.1 0.011
138 44.4 0.012
138 74.4 0.009
138 100.4 0.023
138 125.1 0.006
138 150.2 0.007
138 176.4 0.003
159 5.5 0.007
159 25.1 0.006
159 44.6 0.01
159 75.4 0.008
159 100.1 0.007
159 127.3 0.017
159 147.8 0.014
159 180 0.004
189 5.8 0.004
189 25.7 0.005
189 46.2 0.006
189 75.4 0.008
189 100.5 0.005
189 125.7 0.011
189 150.6 0.009
189 175 0.003
219 6 0.005
219 24.9 0.007
219 45.1 0.007
219 75.4 0.004
219 100.2 0.005
219 125.1 0.008
219 151.2 0.011
219 176.2 0.005
246 6.6 0.005
246 25 0.005
246 45 0.006
246 75.3 0.01
246 100.3 0.015
246 124.5 0.011
246 149.9 0.006
246 176.9 0.001
276 5.7 0.007
276 24.5 0.01
276 45.5 0.011
276 76 0.008
276 100.8 0.015
276 126 0.008
276 150.2 0.003
276 175.3 0.001
325 5.7 0.007
325 25.2 0.007
325 45 0.007
325 75.2 0.005
325 100.3 0.013
325 125.6 0.014
325 150.2 0.003
325 175.3 0.002
9 6.7 0.009
9 26.6 0.011
9 46.2 0.01
9 76.6 0.01
9 101.6 0.015
9 125.5 0.009
9 149.6 0.002
9 175.1 0.001
29 6.7 0.012
29 24.9 0.011
29 45.8 0.011
29 74.9 0.012
29 100 0.013
29 124.5 0.011
29 150.4 0.003
59 6.8 0.008
59 24.8 0.01
59 46.3 0.009
59 100.7 0.018
59 125.7 0.022
59 150.4 0.004
59 175.1 0.001
101 4.6 0.008
101 25.4 0.01
101 45.5 0.008
101 75 0.008
101 102.5 0.007
101 125.1 0.008
101 150.3 0.004
101 175.9 0.002
129 5.9 0.006
129 24.1 0.006
129 44 0.008
129 74.2 0.006
129 99.4 0.003
129 123.9 0.003
129 149.6 0.006
129 175.5 0.002
200 5.7 0.011
200 24.5 0.011
200 44.6 0.009
200 74.7 0.011
200 99.8 0.008
200 124.1 0.014
200 149.5 0.014
200 174.7 0.003
243 5.6 0.008
243 25.7 0.006
243 45.6 0.005
243 74.8 0.006
243 99.7 0.016
243 124.9 0.007
243 149.6 0.003
243 173.7 0.001
270 5.8 0.006
270 25.7 0.006
270 45.3 0.008
270 75.9 0.008
270 100.9 0.008
270 125.5 0.016
270 150.4 0.006
270 175.9 0.002
308 5.7 0.009
308 26 0.01
308 47.1 0.01
308 78.5 0.029
308 99.9 0.025
308 126.7 0.007
308 152.8 0.004
308 181 0.001
333 5.6 0.019
333 24.8 0.017
333 45.5 0.017
333 74.2 0.018
333 99.6 0.016
333 124.1 0.01
333 149.4 0.006
333 175.6 0.001
354 5.6 0.014
354 24.9 0.017
354 44.8 0.014
354 73.8 0.011
354 99.4 0.009
354 124 0.004
354 149.8 0.003
18 5.6 0.009
18 25.8 0.011
18 44.4 0.009
18 75.7 0.01
18 100.2 0.007
18 127.5 0.011
18 151.8 0.002
18 175.2 0.001
122 5.7 0.011
122 23.9 0.01
122 46.1 0.01
122 78.2 0.008
122 101.1 0.011
122 125.5 0.012
122 148.8 0.008
122 172.8 0.005
151 4.5 0.008
151 24.4 0.009
151 45.6 0.012
151 73.8 0.008
151 100.9 0.009
151 123.9 0.01
151 148.9 0.021
151 177.2 0.004
178 5 0.012
178 24.8 0.012
178 45.4 0.011
178 75.1 0.01
178 99.5 0.02
178 125.2 0.013
178 149.6 0.007
178 174.7 0.005
213 6.7 0.007
213 24.4 0.007
213 45.4 0.007
213 75.7 0.009
213 100.3 0.008
213 124.6 0.012
213 150.3 0.005
213 175.8 0.001
230 5.2 0.014
230 24.7 0.01
230 45.4 0.011
230 75.3 0.009
230 100.3 0.009
230 126.3 0.015
230 150.4 0.005
230 175.7 0.003
258 5.5 0.01
258 24.6 0.011
258 45.5 0.009
258 75.3 0.008
258 100.5 0.012
258 124.5 0.012
258 149.9 0.008
258 174.9 0.004
281 5.6 0.005
281 25.2 0.005
281 45.3 0.007
281 75.4 0.008
281 100.2 0.008
281 125.5 0.01
281 150.1 0.005
281 174.6 0.001
338 5.9 0.006
338 25.5 0.006
338 44.3 0.008
338 75.4 0.006
338 100.1 0.022
338 124.8 0.009
338 150.9 0.001
338 176.2 0.001
43 7.9 0.02
43 25.4 0.017
43 45.6 0.017
43 75.1 0.011
43 100 0.012
43 124.3 0.023
43 150 0.01
43 175.2 0.002
65 6.4 0.02
65 25.2 0.02
65 45.2 0.017
65 76.4 0.012
65 99.5 0.011
65 124.9 0.014
65 176.5 0.005
95 5.3 0.017
95 25.4 0.013
95 45.9 0.014
95 75.7 0.014
95 100 0.016
95 125.2 0.016
95 149 0.009
95 174.2 0.003
137 7.3 0.014
137 25 0.017
137 45.3 0.017
137 75.5 0.012
137 100.4 0.01
137 124.8 0.016
137 149.8 0.006
137 175.6 0.005
176 8 0.007
176 25.9 0.01
176 45.1 0.014
176 76.1 0.009
176 101.8 0.03
176 125.7 0.008
176 149.9 0.005
176 175.5 0.002
254 6.8 0.005
254 25.4 0.006
254 45.2 0.005
254 75.6 0.006
254 101.3 0.014
254 125.8 0.013
254 151.2 0.002
300 7.7 0.012
300 25.4 0.013
300 45.7 0.012
300 75.5 0.014
300 100.2 0.025
300 124.8 0.011
300 151 0.003
300 175.6 0.002
330 7.6 0.01
330 25.2 0.008
330 45.7 0.011
330 74.3 0.011
330 100.7 0.014
330 126.3 0.013
330 150.6 0.004
330 175.6 0.001
354 7.5 0.009
354 25.2 0.008
354 45.6 0.008
354 74.8 0.01
354 100.5 0.027
354 125.6 0.008
354 149.5 0.001
15 6.3 0.01
15 23.8 0.011
15 45.9 0.011
15 75.9 0.011
15 101.1 0.01
15 126.2 0.03
15 150.8 0.004
45 7.8 0.013
45 26.2 0.013
45 44.2 0.014
45 74.9 0.013
45 100.4 0.021
45 125.4 0.01
45 151.1 0.005
45 174.7 0.001
64 7 0.015
64 24.8 0.016
64 46.4 0.018
64 75.5 0.015
64 100.5 0.025
64 124.2 0.008
64 150.7 0.003
64 174.5 0.001
100 4.5 0.008
100 23.9 0.008
100 45 0.009
100 72.8 0.007
100 99.2 0.007
100 124.8 0.011
100 149.1 0.007
100 175 0.011
152 5.4 0.009
152 24.7 0.009
152 44.8 0.007
152 75.4 0.006
152 100.2 0.032
152 125.6 0.016
152 149.4 0.005
152 174.4 0.001
181 5.1 0.01
181 24.9 0.011
181 45.2 0.013
181 75.7 0.014
181 100 0.011
181 124.4 0.022
181 150.1 0.006
181 175 0.002
257 7.7 0.008
257 25.6 0.008
257 45.1 0.007
257 75.3 0.01
257 100.2 0.032
257 125.1 0.011
257 150.1 0.005
257 174.5 0.001
286 8 0.007
286 24.9 0.006
286 45.8 0.008
286 74.1 0.011
286 100.3 0.016
286 124.6 0.007
286 150.8 0.002
286 175.5 0.001
325 6.9 0.012
325 25.4 0.012
325 44.7 0.012
325 74.4 0.011
325 100.4 0.023
325 125.4 0.009
325 150.3 0.004
325 175.9 0.002
350 7.4 0.006
350 25.1 0.007
350 44.5 0.007
350 75.3 0.006
350 100.6 0.01
350 125.5 0.005
350 149.2 0.001
350 175.5 0.001
