LogL            mu0hat         Iopt           aI0_C          KN             DPHY           wPHY           beta           KPHY           gmax           mz      
  -3.855E+03    -2.231E-01     6.908E+00    -2.996E+00    -1.609E+00    -2.303E+00    -2.303E+00    -2.303E+00    -6.931E-01     6.931E-01    -2.303E+00
   3.398E+02    -7.251E-02     6.652E+00    -2.825E+00    -1.618E+00    -2.625E+00    -2.230E+00    -2.280E+00    -8.550E-01     1.127E+00    -2.761E+00
   4.543E+02    -5.711E-01     6.713E+00    -2.936E+00    -2.096E+00    -1.706E+00    -2.290E+00    -3.493E+00    -1.429E+00     1.176E+00    -2.928E+00
   5.542E+02    -1.025E+00     6.355E+00    -3.242E+00    -2.208E+00    -2.999E+00    -3.178E+00    -4.317E+00    -1.324E+00     1.198E+00    -3.427E+00
   5.695E+02    -1.025E+00     6.355E+00    -3.242E+00    -2.208E+00    -2.999E+00    -3.178E+00    -4.317E+00    -1.324E+00     1.198E+00    -3.427E+00
   5.711E+02    -1.025E+00     6.355E+00    -3.242E+00    -2.208E+00    -2.999E+00    -3.178E+00    -4.317E+00    -1.324E+00     1.198E+00    -3.427E+00
   7.452E+02    -1.638E+00     6.427E+00    -3.361E+00    -2.332E+00    -2.705E+00    -4.028E+00    -4.146E+00    -8.312E-01    -3.028E-01    -3.781E+00
   8.450E+02    -1.638E+00     6.427E+00    -3.361E+00    -2.332E+00    -2.705E+00    -4.028E+00    -4.146E+00    -8.312E-01    -3.028E-01    -3.781E+00
   8.562E+02    -1.251E+00     7.028E+00    -3.703E+00    -1.952E+00    -3.688E+00    -3.967E+00    -4.891E+00    -8.335E-01    -5.846E-01    -4.007E+00
   8.753E+02    -1.253E+00     7.066E+00    -3.641E+00    -2.006E+00    -3.701E+00    -3.796E+00    -4.751E+00    -8.846E-01    -6.384E-01    -4.004E+00
   8.921E+02    -1.257E+00     6.938E+00    -3.637E+00    -1.951E+00    -3.697E+00    -4.002E+00    -4.714E+00    -8.239E-01    -6.439E-01    -4.024E+00
   8.970E+02    -1.288E+00     6.892E+00    -3.674E+00    -1.914E+00    -3.780E+00    -4.134E+00    -4.672E+00    -8.513E-01    -7.010E-01    -4.013E+00
   8.970E+02    -1.288E+00     6.892E+00    -3.674E+00    -1.914E+00    -3.780E+00    -4.134E+00    -4.672E+00    -8.513E-01    -7.010E-01    -4.013E+00
   8.969E+02    -1.288E+00     6.892E+00    -3.674E+00    -1.914E+00    -3.780E+00    -4.134E+00    -4.672E+00    -8.513E-01    -7.010E-01    -4.013E+00
   8.996E+02    -1.266E+00     7.078E+00    -3.700E+00    -2.042E+00    -3.859E+00    -4.302E+00    -4.676E+00    -8.859E-01    -7.606E-01    -4.012E+00
   8.986E+02    -1.266E+00     7.078E+00    -3.700E+00    -2.042E+00    -3.859E+00    -4.302E+00    -4.676E+00    -8.859E-01    -7.606E-01    -4.012E+00
   8.987E+02    -1.266E+00     7.078E+00    -3.700E+00    -2.042E+00    -3.859E+00    -4.302E+00    -4.676E+00    -8.859E-01    -7.606E-01    -4.012E+00
   9.160E+02    -1.286E+00     7.120E+00    -3.667E+00    -2.050E+00    -3.863E+00    -4.281E+00    -4.723E+00    -8.787E-01    -7.630E-01    -4.040E+00
   9.268E+02    -1.473E+00     6.997E+00    -3.803E+00    -1.106E+00    -4.313E+00    -3.891E+00    -6.308E+00    -9.404E-01    -1.208E+00    -4.319E+00
   9.373E+02    -1.479E+00     7.086E+00    -3.816E+00    -1.164E+00    -4.347E+00    -3.734E+00    -6.173E+00    -9.435E-01    -1.217E+00    -4.293E+00
   9.730E+02    -1.542E+00     7.093E+00    -3.825E+00    -1.175E+00    -4.302E+00    -3.580E+00    -6.149E+00    -8.615E-01    -1.301E+00    -4.273E+00
   9.798E+02    -1.544E+00     7.065E+00    -3.869E+00    -1.165E+00    -4.380E+00    -3.618E+00    -5.939E+00    -7.581E-01    -1.278E+00    -4.373E+00
   9.785E+02    -1.596E+00     7.130E+00    -3.835E+00    -1.177E+00    -4.298E+00    -3.425E+00    -6.144E+00    -7.631E-01    -1.261E+00    -4.424E+00
   9.813E+02    -1.596E+00     7.130E+00    -3.835E+00    -1.177E+00    -4.298E+00    -3.425E+00    -6.144E+00    -7.631E-01    -1.261E+00    -4.424E+00
   9.834E+02    -1.592E+00     7.096E+00    -3.811E+00    -1.176E+00    -4.274E+00    -3.334E+00    -6.372E+00    -7.599E-01    -1.243E+00    -4.423E+00
   9.820E+02    -1.592E+00     7.096E+00    -3.811E+00    -1.176E+00    -4.274E+00    -3.334E+00    -6.372E+00    -7.599E-01    -1.243E+00    -4.423E+00
   9.807E+02    -1.592E+00     7.096E+00    -3.811E+00    -1.176E+00    -4.274E+00    -3.334E+00    -6.372E+00    -7.599E-01    -1.243E+00    -4.423E+00
   9.829E+02    -1.592E+00     7.096E+00    -3.811E+00    -1.176E+00    -4.274E+00    -3.334E+00    -6.372E+00    -7.599E-01    -1.243E+00    -4.423E+00
   9.834E+02    -1.592E+00     7.096E+00    -3.811E+00    -1.176E+00    -4.274E+00    -3.334E+00    -6.372E+00    -7.599E-01    -1.243E+00    -4.423E+00
   9.904E+02    -1.513E+00     7.212E+00    -3.796E+00    -1.130E+00    -4.264E+00    -3.306E+00    -6.312E+00    -6.877E-01    -1.207E+00    -4.405E+00
   9.975E+02    -1.449E+00     7.134E+00    -3.752E+00    -1.152E+00    -4.300E+00    -3.358E+00    -6.346E+00    -7.406E-01    -1.266E+00    -4.317E+00
   9.990E+02    -1.449E+00     7.134E+00    -3.752E+00    -1.152E+00    -4.300E+00    -3.358E+00    -6.346E+00    -7.406E-01    -1.266E+00    -4.317E+00
   1.000E+03    -1.449E+00     7.134E+00    -3.752E+00    -1.152E+00    -4.300E+00    -3.358E+00    -6.346E+00    -7.406E-01    -1.266E+00    -4.317E+00
   1.005E+03    -1.461E+00     7.087E+00    -3.715E+00    -1.246E+00    -4.378E+00    -3.528E+00    -6.574E+00    -7.369E-01    -1.259E+00    -4.449E+00
   1.005E+03    -1.461E+00     7.087E+00    -3.715E+00    -1.246E+00    -4.378E+00    -3.528E+00    -6.574E+00    -7.369E-01    -1.259E+00    -4.449E+00
   1.004E+03    -1.461E+00     7.087E+00    -3.715E+00    -1.246E+00    -4.378E+00    -3.528E+00    -6.574E+00    -7.369E-01    -1.259E+00    -4.449E+00
   1.004E+03    -1.461E+00     7.087E+00    -3.715E+00    -1.246E+00    -4.378E+00    -3.528E+00    -6.574E+00    -7.369E-01    -1.259E+00    -4.449E+00
   1.013E+03    -1.441E+00     7.053E+00    -3.683E+00    -1.382E+00    -4.427E+00    -3.522E+00    -6.520E+00    -7.298E-01    -1.227E+00    -4.505E+00
   1.012E+03    -1.441E+00     7.053E+00    -3.683E+00    -1.382E+00    -4.427E+00    -3.522E+00    -6.520E+00    -7.298E-01    -1.227E+00    -4.505E+00
   1.013E+03    -1.441E+00     7.053E+00    -3.683E+00    -1.382E+00    -4.427E+00    -3.522E+00    -6.520E+00    -7.298E-01    -1.227E+00    -4.505E+00
   1.012E+03    -1.441E+00     7.053E+00    -3.683E+00    -1.382E+00    -4.427E+00    -3.522E+00    -6.520E+00    -7.298E-01    -1.227E+00    -4.505E+00
   1.012E+03    -1.441E+00     7.053E+00    -3.683E+00    -1.382E+00    -4.427E+00    -3.522E+00    -6.520E+00    -7.298E-01    -1.227E+00    -4.505E+00
   1.010E+03    -1.425E+00     7.047E+00    -3.676E+00    -1.411E+00    -4.422E+00    -3.573E+00    -6.639E+00    -7.504E-01    -1.186E+00    -4.542E+00
   1.013E+03    -1.425E+00     7.047E+00    -3.676E+00    -1.411E+00    -4.422E+00    -3.573E+00    -6.639E+00    -7.504E-01    -1.186E+00    -4.542E+00
   1.013E+03    -1.449E+00     7.081E+00    -3.693E+00    -1.486E+00    -4.455E+00    -3.610E+00    -6.562E+00    -7.176E-01    -1.194E+00    -4.537E+00
   1.012E+03    -1.449E+00     7.081E+00    -3.693E+00    -1.486E+00    -4.455E+00    -3.610E+00    -6.562E+00    -7.176E-01    -1.194E+00    -4.537E+00
   1.018E+03    -1.479E+00     7.125E+00    -3.650E+00    -1.480E+00    -4.397E+00    -3.439E+00    -6.431E+00    -7.016E-01    -1.147E+00    -4.502E+00
   1.019E+03    -1.479E+00     7.125E+00    -3.650E+00    -1.480E+00    -4.397E+00    -3.439E+00    -6.431E+00    -7.016E-01    -1.147E+00    -4.502E+00
   1.019E+03    -1.562E+00     6.704E+00    -3.058E+00    -9.900E-01    -4.298E+00    -3.318E+00    -5.793E+00    -9.152E-01    -1.246E+00    -3.542E+00
   1.021E+03    -1.562E+00     6.704E+00    -3.058E+00    -9.900E-01    -4.298E+00    -3.318E+00    -5.793E+00    -9.152E-01    -1.246E+00    -3.542E+00
   1.024E+03    -1.547E+00     6.650E+00    -3.069E+00    -1.063E+00    -4.252E+00    -3.493E+00    -5.952E+00    -8.448E-01    -1.229E+00    -3.460E+00
   1.024E+03    -1.547E+00     6.650E+00    -3.069E+00    -1.063E+00    -4.252E+00    -3.493E+00    -5.952E+00    -8.448E-01    -1.229E+00    -3.460E+00
   1.023E+03    -1.547E+00     6.650E+00    -3.069E+00    -1.063E+00    -4.252E+00    -3.493E+00    -5.952E+00    -8.448E-01    -1.229E+00    -3.460E+00
   1.023E+03    -1.547E+00     6.650E+00    -3.069E+00    -1.063E+00    -4.252E+00    -3.493E+00    -5.952E+00    -8.448E-01    -1.229E+00    -3.460E+00
   1.036E+03    -1.583E+00     6.612E+00    -3.081E+00    -1.207E+00    -4.299E+00    -3.518E+00    -5.885E+00    -8.240E-01    -1.215E+00    -3.500E+00
   1.044E+03    -1.575E+00     6.616E+00    -3.083E+00    -1.257E+00    -4.201E+00    -3.562E+00    -5.639E+00    -8.487E-01    -1.251E+00    -3.485E+00
   1.042E+03    -1.575E+00     6.616E+00    -3.083E+00    -1.257E+00    -4.201E+00    -3.562E+00    -5.639E+00    -8.487E-01    -1.251E+00    -3.485E+00
   1.043E+03    -1.575E+00     6.616E+00    -3.083E+00    -1.257E+00    -4.201E+00    -3.562E+00    -5.639E+00    -8.487E-01    -1.251E+00    -3.485E+00
   1.048E+03    -1.591E+00     6.604E+00    -3.071E+00    -1.368E+00    -4.308E+00    -3.717E+00    -5.618E+00    -8.117E-01    -1.275E+00    -3.501E+00
   1.053E+03    -1.580E+00     6.591E+00    -3.066E+00    -1.396E+00    -4.371E+00    -3.663E+00    -5.561E+00    -8.163E-01    -1.231E+00    -3.560E+00
   1.052E+03    -1.580E+00     6.591E+00    -3.066E+00    -1.396E+00    -4.371E+00    -3.663E+00    -5.561E+00    -8.163E-01    -1.231E+00    -3.560E+00
   1.053E+03    -1.580E+00     6.591E+00    -3.066E+00    -1.396E+00    -4.371E+00    -3.663E+00    -5.561E+00    -8.163E-01    -1.231E+00    -3.560E+00
   1.055E+03    -1.580E+00     6.591E+00    -3.066E+00    -1.396E+00    -4.371E+00    -3.663E+00    -5.561E+00    -8.163E-01    -1.231E+00    -3.560E+00
   1.048E+03    -1.580E+00     6.591E+00    -3.066E+00    -1.396E+00    -4.371E+00    -3.663E+00    -5.561E+00    -8.163E-01    -1.231E+00    -3.560E+00
   1.052E+03    -1.563E+00     6.598E+00    -3.042E+00    -1.379E+00    -4.300E+00    -3.858E+00    -5.443E+00    -8.485E-01    -1.171E+00    -3.570E+00
   1.055E+03    -1.563E+00     6.598E+00    -3.042E+00    -1.379E+00    -4.300E+00    -3.858E+00    -5.443E+00    -8.485E-01    -1.171E+00    -3.570E+00
   1.055E+03    -1.588E+00     6.616E+00    -3.001E+00    -1.426E+00    -4.245E+00    -3.962E+00    -5.414E+00    -8.496E-01    -1.203E+00    -3.491E+00
   1.058E+03    -1.588E+00     6.616E+00    -3.001E+00    -1.426E+00    -4.245E+00    -3.962E+00    -5.414E+00    -8.496E-01    -1.203E+00    -3.491E+00
   1.058E+03    -1.588E+00     6.616E+00    -3.001E+00    -1.426E+00    -4.245E+00    -3.962E+00    -5.414E+00    -8.496E-01    -1.203E+00    -3.491E+00
   1.055E+03    -1.626E+00     6.543E+00    -2.990E+00    -1.484E+00    -4.153E+00    -3.957E+00    -5.333E+00    -9.201E-01    -1.244E+00    -3.496E+00
   1.057E+03    -1.626E+00     6.543E+00    -2.990E+00    -1.484E+00    -4.153E+00    -3.957E+00    -5.333E+00    -9.201E-01    -1.244E+00    -3.496E+00
   1.057E+03    -1.626E+00     6.543E+00    -2.990E+00    -1.484E+00    -4.153E+00    -3.957E+00    -5.333E+00    -9.201E-01    -1.244E+00    -3.496E+00
   1.055E+03    -1.613E+00     6.524E+00    -2.981E+00    -1.468E+00    -4.171E+00    -3.937E+00    -5.279E+00    -9.362E-01    -1.253E+00    -3.422E+00
   1.061E+03    -1.576E+00     6.477E+00    -2.966E+00    -1.535E+00    -4.173E+00    -3.853E+00    -4.896E+00    -9.705E-01    -1.267E+00    -3.497E+00
   1.062E+03    -1.576E+00     6.477E+00    -2.966E+00    -1.535E+00    -4.173E+00    -3.853E+00    -4.896E+00    -9.705E-01    -1.267E+00    -3.497E+00
   1.072E+03    -1.525E+00     6.417E+00    -2.902E+00    -1.545E+00    -4.211E+00    -3.993E+00    -4.904E+00    -9.361E-01    -1.243E+00    -3.446E+00
   1.071E+03    -1.525E+00     6.417E+00    -2.902E+00    -1.545E+00    -4.211E+00    -3.993E+00    -4.904E+00    -9.361E-01    -1.243E+00    -3.446E+00
   1.069E+03    -1.525E+00     6.417E+00    -2.902E+00    -1.545E+00    -4.211E+00    -3.993E+00    -4.904E+00    -9.361E-01    -1.243E+00    -3.446E+00
   1.070E+03    -1.560E+00     6.473E+00    -2.858E+00    -1.564E+00    -4.193E+00    -3.994E+00    -4.854E+00    -9.415E-01    -1.368E+00    -3.420E+00
   1.070E+03    -1.560E+00     6.473E+00    -2.858E+00    -1.564E+00    -4.193E+00    -3.994E+00    -4.854E+00    -9.415E-01    -1.368E+00    -3.420E+00
   1.070E+03    -1.560E+00     6.473E+00    -2.858E+00    -1.564E+00    -4.193E+00    -3.994E+00    -4.854E+00    -9.415E-01    -1.368E+00    -3.420E+00
   1.067E+03    -1.560E+00     6.473E+00    -2.858E+00    -1.564E+00    -4.193E+00    -3.994E+00    -4.854E+00    -9.415E-01    -1.368E+00    -3.420E+00
   1.077E+03    -1.556E+00     6.491E+00    -2.845E+00    -1.659E+00    -4.174E+00    -4.171E+00    -4.699E+00    -9.547E-01    -1.342E+00    -3.379E+00
   1.075E+03    -1.556E+00     6.491E+00    -2.845E+00    -1.659E+00    -4.174E+00    -4.171E+00    -4.699E+00    -9.547E-01    -1.342E+00    -3.379E+00
   1.072E+03    -1.556E+00     6.491E+00    -2.845E+00    -1.659E+00    -4.174E+00    -4.171E+00    -4.699E+00    -9.547E-01    -1.342E+00    -3.379E+00
   1.076E+03    -1.519E+00     6.496E+00    -2.858E+00    -1.704E+00    -4.165E+00    -3.981E+00    -4.717E+00    -9.090E-01    -1.262E+00    -3.331E+00
   1.079E+03    -1.515E+00     6.501E+00    -2.905E+00    -1.767E+00    -4.167E+00    -4.059E+00    -4.633E+00    -8.913E-01    -1.287E+00    -3.306E+00
   1.078E+03    -1.515E+00     6.501E+00    -2.905E+00    -1.767E+00    -4.167E+00    -4.059E+00    -4.633E+00    -8.913E-01    -1.287E+00    -3.306E+00
   1.078E+03    -1.515E+00     6.501E+00    -2.905E+00    -1.767E+00    -4.167E+00    -4.059E+00    -4.633E+00    -8.913E-01    -1.287E+00    -3.306E+00
   1.078E+03    -1.515E+00     6.501E+00    -2.905E+00    -1.767E+00    -4.167E+00    -4.059E+00    -4.633E+00    -8.913E-01    -1.287E+00    -3.306E+00
   1.079E+03    -1.428E+00     6.585E+00    -2.882E+00    -1.790E+00    -4.235E+00    -3.920E+00    -4.779E+00    -9.061E-01    -1.268E+00    -3.256E+00
   1.082E+03    -1.411E+00     6.536E+00    -2.846E+00    -1.865E+00    -4.242E+00    -3.817E+00    -4.805E+00    -9.771E-01    -1.247E+00    -3.273E+00
   1.087E+03    -1.411E+00     6.536E+00    -2.846E+00    -1.865E+00    -4.242E+00    -3.817E+00    -4.805E+00    -9.771E-01    -1.247E+00    -3.273E+00
   1.086E+03    -1.452E+00     6.533E+00    -2.897E+00    -1.841E+00    -4.189E+00    -3.868E+00    -4.656E+00    -9.783E-01    -1.274E+00    -3.313E+00
   1.097E+03    -1.454E+00     6.522E+00    -2.900E+00    -1.861E+00    -4.176E+00    -3.717E+00    -4.802E+00    -9.760E-01    -1.351E+00    -3.364E+00
   1.097E+03    -1.454E+00     6.522E+00    -2.900E+00    -1.861E+00    -4.176E+00    -3.717E+00    -4.802E+00    -9.760E-01    -1.351E+00    -3.364E+00
   1.096E+03    -1.454E+00     6.522E+00    -2.900E+00    -1.861E+00    -4.176E+00    -3.717E+00    -4.802E+00    -9.760E-01    -1.351E+00    -3.364E+00
   1.093E+03    -1.421E+00     6.537E+00    -2.889E+00    -1.876E+00    -4.136E+00    -3.935E+00    -4.552E+00    -9.778E-01    -1.328E+00    -3.287E+00
   1.095E+03    -1.421E+00     6.537E+00    -2.889E+00    -1.876E+00    -4.136E+00    -3.935E+00    -4.552E+00    -9.778E-01    -1.328E+00    -3.287E+00
   1.095E+03    -1.421E+00     6.537E+00    -2.889E+00    -1.876E+00    -4.136E+00    -3.935E+00    -4.552E+00    -9.778E-01    -1.328E+00    -3.287E+00
  -3.855E+03    -2.231E-01     6.908E+00    -2.996E+00    -1.609E+00    -2.303E+00    -2.303E+00    -2.303E+00    -6.931E-01     6.931E-01    -2.303E+00
   3.481E+02    -5.684E-01     6.381E+00    -2.783E+00    -1.825E+00    -1.966E+00    -3.527E+00    -2.796E+00    -5.224E-01     4.380E-01    -2.597E+00
   3.720E+02    -5.241E-01     6.305E+00    -2.760E+00    -1.869E+00    -2.125E+00    -3.786E+00    -2.797E+00    -5.605E-01     3.708E-01    -2.628E+00
   3.710E+02    -5.241E-01     6.305E+00    -2.760E+00    -1.869E+00    -2.125E+00    -3.786E+00    -2.797E+00    -5.605E-01     3.708E-01    -2.628E+00
   3.834E+02    -5.029E-01     6.288E+00    -2.798E+00    -1.795E+00    -2.126E+00    -3.954E+00    -2.726E+00    -5.797E-01     3.433E-01    -2.681E+00
   4.834E+02    -2.139E-01     6.770E+00    -2.717E+00    -2.216E+00    -2.759E+00    -4.499E+00    -1.880E+00    -1.063E+00    -4.261E-02    -2.603E+00
   5.320E+02    -2.139E-01     6.770E+00    -2.717E+00    -2.216E+00    -2.759E+00    -4.499E+00    -1.880E+00    -1.063E+00    -4.261E-02    -2.603E+00
   5.812E+02    -4.303E-01     5.847E+00    -2.993E+00    -1.906E+00    -2.675E+00    -2.666E+00    -1.235E+00    -1.590E+00    -3.269E-01    -3.223E+00
   5.969E+02    -4.303E-01     5.847E+00    -2.993E+00    -1.906E+00    -2.675E+00    -2.666E+00    -1.235E+00    -1.590E+00    -3.269E-01    -3.223E+00
   5.994E+02    -4.303E-01     5.847E+00    -2.993E+00    -1.906E+00    -2.675E+00    -2.666E+00    -1.235E+00    -1.590E+00    -3.269E-01    -3.223E+00
   5.981E+02    -4.303E-01     5.847E+00    -2.993E+00    -1.906E+00    -2.675E+00    -2.666E+00    -1.235E+00    -1.590E+00    -3.269E-01    -3.223E+00
   6.754E+02    -7.590E-01     6.549E+00    -2.961E+00    -1.425E+00    -3.177E+00    -3.849E+00    -1.693E+00    -1.233E+00    -4.603E-01    -2.719E+00
   6.973E+02    -7.472E-01     6.549E+00    -2.956E+00    -1.463E+00    -3.119E+00    -3.930E+00    -1.641E+00    -1.290E+00    -4.195E-01    -2.754E+00
   7.824E+02    -8.606E-01     5.691E+00    -3.222E+00    -2.899E+00    -3.325E+00    -4.196E+00    -2.800E+00    -9.834E-01    -7.756E-01    -3.368E+00
   8.552E+02    -8.619E-01     5.659E+00    -3.242E+00    -2.850E+00    -3.326E+00    -4.223E+00    -2.813E+00    -1.033E+00    -8.063E-01    -3.470E+00
   8.561E+02    -8.619E-01     5.659E+00    -3.242E+00    -2.850E+00    -3.326E+00    -4.223E+00    -2.813E+00    -1.033E+00    -8.063E-01    -3.470E+00
   9.007E+02    -9.826E-01     5.664E+00    -3.228E+00    -2.849E+00    -3.329E+00    -4.212E+00    -2.953E+00    -1.010E+00    -8.514E-01    -3.456E+00
   9.202E+02    -1.096E+00     5.636E+00    -3.212E+00    -2.911E+00    -3.300E+00    -4.297E+00    -3.094E+00    -9.218E-01    -8.476E-01    -3.365E+00
   9.430E+02    -1.183E+00     5.625E+00    -3.217E+00    -2.845E+00    -3.267E+00    -4.374E+00    -3.076E+00    -8.960E-01    -8.169E-01    -3.395E+00
   9.435E+02    -1.183E+00     5.625E+00    -3.217E+00    -2.845E+00    -3.267E+00    -4.374E+00    -3.076E+00    -8.960E-01    -8.169E-01    -3.395E+00
   9.435E+02    -1.183E+00     5.625E+00    -3.217E+00    -2.845E+00    -3.267E+00    -4.374E+00    -3.076E+00    -8.960E-01    -8.169E-01    -3.395E+00
   9.433E+02    -1.183E+00     5.625E+00    -3.217E+00    -2.845E+00    -3.267E+00    -4.374E+00    -3.076E+00    -8.960E-01    -8.169E-01    -3.395E+00
   9.631E+02    -1.141E+00     5.599E+00    -3.176E+00    -2.852E+00    -3.285E+00    -4.153E+00    -3.114E+00    -1.017E+00    -9.165E-01    -3.439E+00
   9.984E+02    -1.099E+00     5.655E+00    -3.201E+00    -2.919E+00    -3.413E+00    -4.238E+00    -3.067E+00    -9.096E-01    -9.597E-01    -3.465E+00
   1.000E+03    -1.099E+00     5.655E+00    -3.201E+00    -2.919E+00    -3.413E+00    -4.238E+00    -3.067E+00    -9.096E-01    -9.597E-01    -3.465E+00
   1.044E+03    -6.938E-01     6.008E+00    -2.772E+00    -2.934E+00    -3.975E+00    -3.235E+00    -4.619E+00    -7.251E-01    -7.872E-01    -3.594E+00
   1.111E+03    -6.842E-01     5.958E+00    -2.701E+00    -2.938E+00    -3.933E+00    -3.117E+00    -4.663E+00    -7.602E-01    -8.835E-01    -3.706E+00
   1.132E+03    -7.007E-01     5.946E+00    -2.676E+00    -2.970E+00    -3.905E+00    -3.179E+00    -4.630E+00    -6.916E-01    -9.326E-01    -3.680E+00
   1.132E+03    -7.007E-01     5.946E+00    -2.676E+00    -2.970E+00    -3.905E+00    -3.179E+00    -4.630E+00    -6.916E-01    -9.326E-01    -3.680E+00
   1.130E+03    -7.007E-01     5.946E+00    -2.676E+00    -2.970E+00    -3.905E+00    -3.179E+00    -4.630E+00    -6.916E-01    -9.326E-01    -3.680E+00
   1.142E+03    -7.292E-01     5.991E+00    -2.705E+00    -2.949E+00    -4.054E+00    -3.063E+00    -4.482E+00    -7.585E-01    -9.519E-01    -3.711E+00
   1.142E+03    -7.292E-01     5.991E+00    -2.705E+00    -2.949E+00    -4.054E+00    -3.063E+00    -4.482E+00    -7.585E-01    -9.519E-01    -3.711E+00
   1.147E+03    -7.855E-01     6.009E+00    -2.692E+00    -2.982E+00    -4.121E+00    -3.031E+00    -4.634E+00    -6.693E-01    -9.167E-01    -3.768E+00
   1.152E+03    -7.855E-01     6.009E+00    -2.692E+00    -2.982E+00    -4.121E+00    -3.031E+00    -4.634E+00    -6.693E-01    -9.167E-01    -3.768E+00
   1.147E+03    -7.855E-01     6.009E+00    -2.692E+00    -2.982E+00    -4.121E+00    -3.031E+00    -4.634E+00    -6.693E-01    -9.167E-01    -3.768E+00
   1.151E+03    -7.855E-01     6.009E+00    -2.692E+00    -2.982E+00    -4.121E+00    -3.031E+00    -4.634E+00    -6.693E-01    -9.167E-01    -3.768E+00
   1.150E+03    -7.855E-01     6.009E+00    -2.692E+00    -2.982E+00    -4.121E+00    -3.031E+00    -4.634E+00    -6.693E-01    -9.167E-01    -3.768E+00
   1.171E+03    -7.817E-01     6.014E+00    -2.624E+00    -2.993E+00    -4.156E+00    -3.126E+00    -4.536E+00    -7.002E-01    -9.195E-01    -3.836E+00
   1.170E+03    -8.060E-01     6.070E+00    -2.535E+00    -2.949E+00    -4.115E+00    -3.025E+00    -4.590E+00    -6.624E-01    -8.734E-01    -3.827E+00
   1.168E+03    -8.060E-01     6.070E+00    -2.535E+00    -2.949E+00    -4.115E+00    -3.025E+00    -4.590E+00    -6.624E-01    -8.734E-01    -3.827E+00
   1.178E+03    -8.847E-01     6.171E+00    -2.547E+00    -2.980E+00    -4.225E+00    -3.075E+00    -4.561E+00    -6.986E-01    -8.344E-01    -3.843E+00
   1.176E+03    -9.208E-01     6.133E+00    -2.543E+00    -2.983E+00    -4.199E+00    -3.072E+00    -4.630E+00    -7.763E-01    -9.402E-01    -3.826E+00
   1.175E+03    -9.208E-01     6.133E+00    -2.543E+00    -2.983E+00    -4.199E+00    -3.072E+00    -4.630E+00    -7.763E-01    -9.402E-01    -3.826E+00
   1.175E+03    -9.208E-01     6.133E+00    -2.543E+00    -2.983E+00    -4.199E+00    -3.072E+00    -4.630E+00    -7.763E-01    -9.402E-01    -3.826E+00
   1.175E+03    -9.208E-01     6.133E+00    -2.543E+00    -2.983E+00    -4.199E+00    -3.072E+00    -4.630E+00    -7.763E-01    -9.402E-01    -3.826E+00
   1.176E+03    -9.208E-01     6.133E+00    -2.543E+00    -2.983E+00    -4.199E+00    -3.072E+00    -4.630E+00    -7.763E-01    -9.402E-01    -3.826E+00
   1.176E+03    -9.208E-01     6.133E+00    -2.543E+00    -2.983E+00    -4.199E+00    -3.072E+00    -4.630E+00    -7.763E-01    -9.402E-01    -3.826E+00
   1.173E+03    -9.208E-01     6.133E+00    -2.543E+00    -2.983E+00    -4.199E+00    -3.072E+00    -4.630E+00    -7.763E-01    -9.402E-01    -3.826E+00
   1.169E+03    -9.208E-01     6.133E+00    -2.543E+00    -2.983E+00    -4.199E+00    -3.072E+00    -4.630E+00    -7.763E-01    -9.402E-01    -3.826E+00
   1.175E+03    -9.208E-01     6.133E+00    -2.543E+00    -2.983E+00    -4.199E+00    -3.072E+00    -4.630E+00    -7.763E-01    -9.402E-01    -3.826E+00
   1.176E+03    -9.208E-01     6.133E+00    -2.543E+00    -2.983E+00    -4.199E+00    -3.072E+00    -4.630E+00    -7.763E-01    -9.402E-01    -3.826E+00
   1.175E+03    -9.208E-01     6.133E+00    -2.543E+00    -2.983E+00    -4.199E+00    -3.072E+00    -4.630E+00    -7.763E-01    -9.402E-01    -3.826E+00
   1.175E+03    -9.076E-01     6.125E+00    -2.562E+00    -2.983E+00    -4.250E+00    -3.142E+00    -4.881E+00    -7.914E-01    -9.589E-01    -3.824E+00
   1.175E+03    -9.076E-01     6.125E+00    -2.562E+00    -2.983E+00    -4.250E+00    -3.142E+00    -4.881E+00    -7.914E-01    -9.589E-01    -3.824E+00
   1.174E+03    -9.076E-01     6.125E+00    -2.562E+00    -2.983E+00    -4.250E+00    -3.142E+00    -4.881E+00    -7.914E-01    -9.589E-01    -3.824E+00
   1.173E+03    -9.076E-01     6.125E+00    -2.562E+00    -2.983E+00    -4.250E+00    -3.142E+00    -4.881E+00    -7.914E-01    -9.589E-01    -3.824E+00
   1.176E+03    -9.076E-01     6.125E+00    -2.562E+00    -2.983E+00    -4.250E+00    -3.142E+00    -4.881E+00    -7.914E-01    -9.589E-01    -3.824E+00
   1.176E+03    -9.076E-01     6.125E+00    -2.562E+00    -2.983E+00    -4.250E+00    -3.142E+00    -4.881E+00    -7.914E-01    -9.589E-01    -3.824E+00
   1.176E+03    -9.076E-01     6.125E+00    -2.562E+00    -2.983E+00    -4.250E+00    -3.142E+00    -4.881E+00    -7.914E-01    -9.589E-01    -3.824E+00
   1.173E+03    -9.076E-01     6.125E+00    -2.562E+00    -2.983E+00    -4.250E+00    -3.142E+00    -4.881E+00    -7.914E-01    -9.589E-01    -3.824E+00
   1.175E+03    -9.076E-01     6.125E+00    -2.562E+00    -2.983E+00    -4.250E+00    -3.142E+00    -4.881E+00    -7.914E-01    -9.589E-01    -3.824E+00
   1.174E+03    -9.076E-01     6.125E+00    -2.562E+00    -2.983E+00    -4.250E+00    -3.142E+00    -4.881E+00    -7.914E-01    -9.589E-01    -3.824E+00
   1.178E+03    -8.525E-01     6.143E+00    -2.542E+00    -2.934E+00    -4.235E+00    -3.257E+00    -4.729E+00    -8.247E-01    -1.002E+00    -3.760E+00
   1.175E+03    -8.433E-01     6.127E+00    -2.509E+00    -2.923E+00    -4.273E+00    -3.426E+00    -4.760E+00    -8.632E-01    -1.011E+00    -3.731E+00
   1.177E+03    -8.612E-01     6.117E+00    -2.495E+00    -2.857E+00    -4.251E+00    -3.450E+00    -4.808E+00    -8.050E-01    -9.835E-01    -3.708E+00
   1.175E+03    -8.612E-01     6.117E+00    -2.495E+00    -2.857E+00    -4.251E+00    -3.450E+00    -4.808E+00    -8.050E-01    -9.835E-01    -3.708E+00
   1.176E+03    -7.757E-01     6.128E+00    -2.439E+00    -2.841E+00    -4.254E+00    -3.452E+00    -4.887E+00    -8.086E-01    -9.373E-01    -3.735E+00
   1.176E+03    -7.757E-01     6.128E+00    -2.439E+00    -2.841E+00    -4.254E+00    -3.452E+00    -4.887E+00    -8.086E-01    -9.373E-01    -3.735E+00
   1.177E+03    -7.757E-01     6.128E+00    -2.439E+00    -2.841E+00    -4.254E+00    -3.452E+00    -4.887E+00    -8.086E-01    -9.373E-01    -3.735E+00
   1.176E+03    -7.757E-01     6.128E+00    -2.439E+00    -2.841E+00    -4.254E+00    -3.452E+00    -4.887E+00    -8.086E-01    -9.373E-01    -3.735E+00
   1.179E+03    -7.955E-01     6.091E+00    -2.445E+00    -2.920E+00    -4.240E+00    -3.454E+00    -4.864E+00    -7.549E-01    -9.029E-01    -3.756E+00
   1.181E+03    -7.955E-01     6.091E+00    -2.445E+00    -2.920E+00    -4.240E+00    -3.454E+00    -4.864E+00    -7.549E-01    -9.029E-01    -3.756E+00
   1.178E+03    -7.955E-01     6.091E+00    -2.445E+00    -2.920E+00    -4.240E+00    -3.454E+00    -4.864E+00    -7.549E-01    -9.029E-01    -3.756E+00
   1.179E+03    -7.955E-01     6.091E+00    -2.445E+00    -2.920E+00    -4.240E+00    -3.454E+00    -4.864E+00    -7.549E-01    -9.029E-01    -3.756E+00
   1.180E+03    -7.955E-01     6.091E+00    -2.445E+00    -2.920E+00    -4.240E+00    -3.454E+00    -4.864E+00    -7.549E-01    -9.029E-01    -3.756E+00
   1.180E+03    -7.955E-01     6.091E+00    -2.445E+00    -2.920E+00    -4.240E+00    -3.454E+00    -4.864E+00    -7.549E-01    -9.029E-01    -3.756E+00
   1.178E+03    -7.955E-01     6.091E+00    -2.445E+00    -2.920E+00    -4.240E+00    -3.454E+00    -4.864E+00    -7.549E-01    -9.029E-01    -3.756E+00
   1.180E+03    -7.955E-01     6.091E+00    -2.445E+00    -2.920E+00    -4.240E+00    -3.454E+00    -4.864E+00    -7.549E-01    -9.029E-01    -3.756E+00
   1.179E+03    -7.955E-01     6.091E+00    -2.445E+00    -2.920E+00    -4.240E+00    -3.454E+00    -4.864E+00    -7.549E-01    -9.029E-01    -3.756E+00
   1.180E+03    -7.955E-01     6.091E+00    -2.445E+00    -2.920E+00    -4.240E+00    -3.454E+00    -4.864E+00    -7.549E-01    -9.029E-01    -3.756E+00
   1.180E+03    -7.955E-01     6.091E+00    -2.445E+00    -2.920E+00    -4.240E+00    -3.454E+00    -4.864E+00    -7.549E-01    -9.029E-01    -3.756E+00
   1.180E+03    -7.955E-01     6.091E+00    -2.445E+00    -2.920E+00    -4.240E+00    -3.454E+00    -4.864E+00    -7.549E-01    -9.029E-01    -3.756E+00
   1.180E+03    -7.955E-01     6.091E+00    -2.445E+00    -2.920E+00    -4.240E+00    -3.454E+00    -4.864E+00    -7.549E-01    -9.029E-01    -3.756E+00
   1.180E+03    -7.955E-01     6.091E+00    -2.445E+00    -2.920E+00    -4.240E+00    -3.454E+00    -4.864E+00    -7.549E-01    -9.029E-01    -3.756E+00
   1.178E+03    -7.955E-01     6.091E+00    -2.445E+00    -2.920E+00    -4.240E+00    -3.454E+00    -4.864E+00    -7.549E-01    -9.029E-01    -3.756E+00
   1.177E+03    -7.955E-01     6.091E+00    -2.445E+00    -2.920E+00    -4.240E+00    -3.454E+00    -4.864E+00    -7.549E-01    -9.029E-01    -3.756E+00
   1.179E+03    -7.955E-01     6.091E+00    -2.445E+00    -2.920E+00    -4.240E+00    -3.454E+00    -4.864E+00    -7.549E-01    -9.029E-01    -3.756E+00
   1.181E+03    -7.955E-01     6.091E+00    -2.445E+00    -2.920E+00    -4.240E+00    -3.454E+00    -4.864E+00    -7.549E-01    -9.029E-01    -3.756E+00
   1.173E+03    -7.930E-01     6.114E+00    -2.473E+00    -2.885E+00    -4.254E+00    -3.352E+00    -5.005E+00    -7.441E-01    -9.734E-01    -3.772E+00
   1.175E+03    -7.669E-01     6.143E+00    -2.475E+00    -2.866E+00    -4.287E+00    -3.588E+00    -5.158E+00    -8.115E-01    -9.561E-01    -3.799E+00
   1.179E+03    -7.669E-01     6.143E+00    -2.475E+00    -2.866E+00    -4.287E+00    -3.588E+00    -5.158E+00    -8.115E-01    -9.561E-01    -3.799E+00
   1.179E+03    -7.669E-01     6.143E+00    -2.475E+00    -2.866E+00    -4.287E+00    -3.588E+00    -5.158E+00    -8.115E-01    -9.561E-01    -3.799E+00
   1.179E+03    -7.669E-01     6.143E+00    -2.475E+00    -2.866E+00    -4.287E+00    -3.588E+00    -5.158E+00    -8.115E-01    -9.561E-01    -3.799E+00
   1.178E+03    -7.669E-01     6.143E+00    -2.475E+00    -2.866E+00    -4.287E+00    -3.588E+00    -5.158E+00    -8.115E-01    -9.561E-01    -3.799E+00
   1.180E+03    -7.669E-01     6.143E+00    -2.475E+00    -2.866E+00    -4.287E+00    -3.588E+00    -5.158E+00    -8.115E-01    -9.561E-01    -3.799E+00
   1.179E+03    -7.669E-01     6.143E+00    -2.475E+00    -2.866E+00    -4.287E+00    -3.588E+00    -5.158E+00    -8.115E-01    -9.561E-01    -3.799E+00
   1.174E+03    -8.331E-01     6.176E+00    -2.566E+00    -2.893E+00    -4.197E+00    -3.724E+00    -5.206E+00    -7.915E-01    -9.197E-01    -3.855E+00
   1.176E+03    -8.331E-01     6.176E+00    -2.566E+00    -2.893E+00    -4.197E+00    -3.724E+00    -5.206E+00    -7.915E-01    -9.197E-01    -3.855E+00
   1.174E+03    -8.331E-01     6.176E+00    -2.566E+00    -2.893E+00    -4.197E+00    -3.724E+00    -5.206E+00    -7.915E-01    -9.197E-01    -3.855E+00
   1.173E+03    -8.331E-01     6.176E+00    -2.566E+00    -2.893E+00    -4.197E+00    -3.724E+00    -5.206E+00    -7.915E-01    -9.197E-01    -3.855E+00
   1.095E+03    -1.421E+00     6.537E+00    -2.889E+00    -1.876E+00    -4.136E+00    -3.935E+00    -4.552E+00    -9.778E-01    -1.328E+00    -3.287E+00
   1.093E+03    -1.421E+00     6.537E+00    -2.889E+00    -1.876E+00    -4.136E+00    -3.935E+00    -4.552E+00    -9.778E-01    -1.328E+00    -3.287E+00
   1.101E+03    -1.375E+00     6.610E+00    -2.616E+00    -1.935E+00    -4.491E+00    -3.551E+00    -5.057E+00    -9.552E-01    -1.280E+00    -3.363E+00
   1.100E+03    -1.375E+00     6.610E+00    -2.616E+00    -1.935E+00    -4.491E+00    -3.551E+00    -5.057E+00    -9.552E-01    -1.280E+00    -3.363E+00
   1.105E+03    -1.364E+00     6.618E+00    -2.644E+00    -1.911E+00    -4.442E+00    -3.564E+00    -5.043E+00    -9.708E-01    -1.259E+00    -3.357E+00
   1.105E+03    -1.364E+00     6.618E+00    -2.644E+00    -1.911E+00    -4.442E+00    -3.564E+00    -5.043E+00    -9.708E-01    -1.259E+00    -3.357E+00
   1.105E+03    -1.348E+00     6.632E+00    -2.628E+00    -1.908E+00    -4.479E+00    -3.539E+00    -5.085E+00    -9.473E-01    -1.288E+00    -3.384E+00
   1.113E+03    -1.303E+00     6.590E+00    -2.625E+00    -1.958E+00    -4.460E+00    -3.480E+00    -5.041E+00    -9.599E-01    -1.254E+00    -3.398E+00
   1.114E+03    -1.303E+00     6.590E+00    -2.625E+00    -1.958E+00    -4.460E+00    -3.480E+00    -5.041E+00    -9.599E-01    -1.254E+00    -3.398E+00
   1.113E+03    -1.303E+00     6.590E+00    -2.625E+00    -1.958E+00    -4.460E+00    -3.480E+00    -5.041E+00    -9.599E-01    -1.254E+00    -3.398E+00
   1.113E+03    -1.303E+00     6.590E+00    -2.625E+00    -1.958E+00    -4.460E+00    -3.480E+00    -5.041E+00    -9.599E-01    -1.254E+00    -3.398E+00
   1.112E+03    -1.303E+00     6.590E+00    -2.625E+00    -1.958E+00    -4.460E+00    -3.480E+00    -5.041E+00    -9.599E-01    -1.254E+00    -3.398E+00
   1.111E+03    -1.291E+00     6.590E+00    -2.604E+00    -1.984E+00    -4.479E+00    -3.470E+00    -5.049E+00    -9.570E-01    -1.252E+00    -3.405E+00
   1.114E+03    -1.291E+00     6.590E+00    -2.604E+00    -1.984E+00    -4.479E+00    -3.470E+00    -5.049E+00    -9.570E-01    -1.252E+00    -3.405E+00
   1.122E+03    -1.019E+00     6.534E+00    -2.535E+00    -2.590E+00    -4.437E+00    -3.404E+00    -5.197E+00    -9.792E-01    -1.016E+00    -3.619E+00
   1.151E+03    -9.269E-01     6.316E+00    -2.720E+00    -2.962E+00    -4.562E+00    -3.817E+00    -5.468E+00    -9.452E-01    -1.159E+00    -3.900E+00
   1.152E+03    -9.269E-01     6.316E+00    -2.720E+00    -2.962E+00    -4.562E+00    -3.817E+00    -5.468E+00    -9.452E-01    -1.159E+00    -3.900E+00
   1.147E+03    -9.269E-01     6.316E+00    -2.720E+00    -2.962E+00    -4.562E+00    -3.817E+00    -5.468E+00    -9.452E-01    -1.159E+00    -3.900E+00
   1.156E+03    -9.129E-01     6.328E+00    -2.697E+00    -2.961E+00    -4.540E+00    -3.822E+00    -5.444E+00    -9.335E-01    -1.131E+00    -3.874E+00
   1.157E+03    -9.290E-01     6.389E+00    -2.724E+00    -2.905E+00    -4.562E+00    -3.818E+00    -5.538E+00    -9.073E-01    -1.134E+00    -3.886E+00
   1.157E+03    -9.290E-01     6.389E+00    -2.724E+00    -2.905E+00    -4.562E+00    -3.818E+00    -5.538E+00    -9.073E-01    -1.134E+00    -3.886E+00
   1.158E+03    -9.290E-01     6.389E+00    -2.724E+00    -2.905E+00    -4.562E+00    -3.818E+00    -5.538E+00    -9.073E-01    -1.134E+00    -3.886E+00
   1.160E+03    -9.212E-01     6.380E+00    -2.693E+00    -2.938E+00    -4.543E+00    -3.802E+00    -5.456E+00    -9.078E-01    -1.131E+00    -3.861E+00
   1.158E+03    -9.212E-01     6.380E+00    -2.693E+00    -2.938E+00    -4.543E+00    -3.802E+00    -5.456E+00    -9.078E-01    -1.131E+00    -3.861E+00
   1.158E+03    -9.212E-01     6.380E+00    -2.693E+00    -2.938E+00    -4.543E+00    -3.802E+00    -5.456E+00    -9.078E-01    -1.131E+00    -3.861E+00
   1.162E+03    -9.167E-01     6.357E+00    -2.655E+00    -2.955E+00    -4.542E+00    -3.815E+00    -5.468E+00    -8.981E-01    -1.134E+00    -3.848E+00
   1.166E+03    -9.053E-01     6.380E+00    -2.646E+00    -2.922E+00    -4.513E+00    -3.783E+00    -5.472E+00    -8.931E-01    -1.088E+00    -3.824E+00
   1.166E+03    -9.053E-01     6.380E+00    -2.646E+00    -2.922E+00    -4.513E+00    -3.783E+00    -5.472E+00    -8.931E-01    -1.088E+00    -3.824E+00
   1.166E+03    -9.053E-01     6.380E+00    -2.646E+00    -2.922E+00    -4.513E+00    -3.783E+00    -5.472E+00    -8.931E-01    -1.088E+00    -3.824E+00
   1.166E+03    -9.053E-01     6.380E+00    -2.646E+00    -2.922E+00    -4.513E+00    -3.783E+00    -5.472E+00    -8.931E-01    -1.088E+00    -3.824E+00
   1.166E+03    -9.053E-01     6.380E+00    -2.646E+00    -2.922E+00    -4.513E+00    -3.783E+00    -5.472E+00    -8.931E-01    -1.088E+00    -3.824E+00
   1.165E+03    -9.053E-01     6.380E+00    -2.646E+00    -2.922E+00    -4.513E+00    -3.783E+00    -5.472E+00    -8.931E-01    -1.088E+00    -3.824E+00
   1.166E+03    -9.053E-01     6.380E+00    -2.646E+00    -2.922E+00    -4.513E+00    -3.783E+00    -5.472E+00    -8.931E-01    -1.088E+00    -3.824E+00
   1.167E+03    -9.200E-01     6.380E+00    -2.657E+00    -2.907E+00    -4.488E+00    -3.827E+00    -5.408E+00    -8.895E-01    -1.089E+00    -3.798E+00
   1.166E+03    -9.076E-01     6.334E+00    -2.637E+00    -2.958E+00    -4.472E+00    -3.858E+00    -5.318E+00    -9.177E-01    -1.089E+00    -3.774E+00
   1.164E+03    -9.076E-01     6.334E+00    -2.637E+00    -2.958E+00    -4.472E+00    -3.858E+00    -5.318E+00    -9.177E-01    -1.089E+00    -3.774E+00
   1.167E+03    -9.076E-01     6.334E+00    -2.637E+00    -2.958E+00    -4.472E+00    -3.858E+00    -5.318E+00    -9.177E-01    -1.089E+00    -3.774E+00
   1.165E+03    -9.076E-01     6.334E+00    -2.637E+00    -2.958E+00    -4.472E+00    -3.858E+00    -5.318E+00    -9.177E-01    -1.089E+00    -3.774E+00
   1.164E+03    -9.118E-01     6.325E+00    -2.604E+00    -2.897E+00    -4.490E+00    -3.823E+00    -5.288E+00    -9.204E-01    -1.113E+00    -3.721E+00
   1.166E+03    -9.118E-01     6.325E+00    -2.604E+00    -2.897E+00    -4.490E+00    -3.823E+00    -5.288E+00    -9.204E-01    -1.113E+00    -3.721E+00
   1.169E+03    -9.046E-01     6.353E+00    -2.638E+00    -2.880E+00    -4.507E+00    -3.779E+00    -5.394E+00    -9.003E-01    -1.103E+00    -3.774E+00
   1.168E+03    -9.046E-01     6.353E+00    -2.638E+00    -2.880E+00    -4.507E+00    -3.779E+00    -5.394E+00    -9.003E-01    -1.103E+00    -3.774E+00
   1.169E+03    -9.046E-01     6.353E+00    -2.638E+00    -2.880E+00    -4.507E+00    -3.779E+00    -5.394E+00    -9.003E-01    -1.103E+00    -3.774E+00
   1.166E+03    -9.046E-01     6.353E+00    -2.638E+00    -2.880E+00    -4.507E+00    -3.779E+00    -5.394E+00    -9.003E-01    -1.103E+00    -3.774E+00
   1.166E+03    -9.046E-01     6.353E+00    -2.638E+00    -2.880E+00    -4.507E+00    -3.779E+00    -5.394E+00    -9.003E-01    -1.103E+00    -3.774E+00
   1.168E+03    -8.875E-01     6.364E+00    -2.660E+00    -2.896E+00    -4.424E+00    -3.842E+00    -5.307E+00    -8.896E-01    -1.065E+00    -3.730E+00
   1.167E+03    -8.875E-01     6.364E+00    -2.660E+00    -2.896E+00    -4.424E+00    -3.842E+00    -5.307E+00    -8.896E-01    -1.065E+00    -3.730E+00
   1.168E+03    -8.875E-01     6.364E+00    -2.660E+00    -2.896E+00    -4.424E+00    -3.842E+00    -5.307E+00    -8.896E-01    -1.065E+00    -3.730E+00
   1.168E+03    -8.875E-01     6.364E+00    -2.660E+00    -2.896E+00    -4.424E+00    -3.842E+00    -5.307E+00    -8.896E-01    -1.065E+00    -3.730E+00
   1.167E+03    -8.875E-01     6.364E+00    -2.660E+00    -2.896E+00    -4.424E+00    -3.842E+00    -5.307E+00    -8.896E-01    -1.065E+00    -3.730E+00
   1.167E+03    -9.106E-01     6.349E+00    -2.644E+00    -2.927E+00    -4.424E+00    -3.833E+00    -5.360E+00    -8.844E-01    -1.031E+00    -3.715E+00
   1.168E+03    -9.309E-01     6.352E+00    -2.643E+00    -2.902E+00    -4.484E+00    -3.816E+00    -5.528E+00    -8.805E-01    -1.072E+00    -3.746E+00
   1.169E+03    -9.309E-01     6.352E+00    -2.643E+00    -2.902E+00    -4.484E+00    -3.816E+00    -5.528E+00    -8.805E-01    -1.072E+00    -3.746E+00
   1.168E+03    -8.928E-01     6.283E+00    -2.693E+00    -2.839E+00    -4.337E+00    -3.935E+00    -5.290E+00    -8.600E-01    -1.099E+00    -3.773E+00
   1.169E+03    -8.928E-01     6.283E+00    -2.693E+00    -2.839E+00    -4.337E+00    -3.935E+00    -5.290E+00    -8.600E-01    -1.099E+00    -3.773E+00
   1.173E+03    -8.925E-01     6.228E+00    -2.637E+00    -2.890E+00    -4.298E+00    -3.968E+00    -5.180E+00    -8.715E-01    -1.084E+00    -3.708E+00
   1.170E+03    -8.925E-01     6.228E+00    -2.637E+00    -2.890E+00    -4.298E+00    -3.968E+00    -5.180E+00    -8.715E-01    -1.084E+00    -3.708E+00
   1.174E+03    -8.774E-01     6.218E+00    -2.642E+00    -2.921E+00    -4.309E+00    -3.984E+00    -5.185E+00    -8.529E-01    -1.105E+00    -3.719E+00
   1.173E+03    -8.467E-01     6.204E+00    -2.633E+00    -2.928E+00    -4.315E+00    -3.927E+00    -5.170E+00    -8.644E-01    -1.087E+00    -3.716E+00
   1.173E+03    -8.467E-01     6.204E+00    -2.633E+00    -2.928E+00    -4.315E+00    -3.927E+00    -5.170E+00    -8.644E-01    -1.087E+00    -3.716E+00
   1.173E+03    -8.467E-01     6.204E+00    -2.633E+00    -2.928E+00    -4.315E+00    -3.927E+00    -5.170E+00    -8.644E-01    -1.087E+00    -3.716E+00
   1.174E+03    -8.467E-01     6.204E+00    -2.633E+00    -2.928E+00    -4.315E+00    -3.927E+00    -5.170E+00    -8.644E-01    -1.087E+00    -3.716E+00
   1.174E+03    -8.467E-01     6.204E+00    -2.633E+00    -2.928E+00    -4.315E+00    -3.927E+00    -5.170E+00    -8.644E-01    -1.087E+00    -3.716E+00
   1.174E+03    -8.253E-01     6.217E+00    -2.620E+00    -2.941E+00    -4.273E+00    -3.901E+00    -5.166E+00    -8.543E-01    -1.059E+00    -3.709E+00
   1.177E+03    -8.099E-01     6.175E+00    -2.606E+00    -2.992E+00    -4.306E+00    -3.908E+00    -5.117E+00    -8.569E-01    -1.108E+00    -3.734E+00
   1.177E+03    -8.099E-01     6.175E+00    -2.606E+00    -2.992E+00    -4.306E+00    -3.908E+00    -5.117E+00    -8.569E-01    -1.108E+00    -3.734E+00
   1.176E+03    -8.099E-01     6.175E+00    -2.606E+00    -2.992E+00    -4.306E+00    -3.908E+00    -5.117E+00    -8.569E-01    -1.108E+00    -3.734E+00
   1.175E+03    -8.013E-01     6.202E+00    -2.607E+00    -2.983E+00    -4.331E+00    -3.887E+00    -5.211E+00    -8.596E-01    -1.119E+00    -3.761E+00
   1.177E+03    -8.013E-01     6.202E+00    -2.607E+00    -2.983E+00    -4.331E+00    -3.887E+00    -5.211E+00    -8.596E-01    -1.119E+00    -3.761E+00
   1.174E+03    -7.916E-01     6.224E+00    -2.638E+00    -2.969E+00    -4.306E+00    -3.844E+00    -5.231E+00    -8.585E-01    -1.068E+00    -3.784E+00
   1.176E+03    -7.916E-01     6.224E+00    -2.638E+00    -2.969E+00    -4.306E+00    -3.844E+00    -5.231E+00    -8.585E-01    -1.068E+00    -3.784E+00
   1.173E+03    -7.916E-01     6.224E+00    -2.638E+00    -2.969E+00    -4.306E+00    -3.844E+00    -5.231E+00    -8.585E-01    -1.068E+00    -3.784E+00
   1.169E+03    -8.304E-01     6.205E+00    -2.684E+00    -2.987E+00    -4.350E+00    -3.921E+00    -5.261E+00    -8.632E-01    -1.147E+00    -3.826E+00
   1.171E+03    -8.304E-01     6.205E+00    -2.684E+00    -2.987E+00    -4.350E+00    -3.921E+00    -5.261E+00    -8.632E-01    -1.147E+00    -3.826E+00
   1.169E+03    -8.304E-01     6.205E+00    -2.684E+00    -2.987E+00    -4.350E+00    -3.921E+00    -5.261E+00    -8.632E-01    -1.147E+00    -3.826E+00
   1.172E+03    -8.179E-01     6.237E+00    -2.700E+00    -2.957E+00    -4.357E+00    -3.875E+00    -5.351E+00    -8.476E-01    -1.120E+00    -3.864E+00
   1.171E+03    -8.074E-01     6.235E+00    -2.704E+00    -2.960E+00    -4.326E+00    -3.859E+00    -5.294E+00    -8.655E-01    -1.088E+00    -3.851E+00
   1.172E+03    -8.074E-01     6.235E+00    -2.704E+00    -2.960E+00    -4.326E+00    -3.859E+00    -5.294E+00    -8.655E-01    -1.088E+00    -3.851E+00
   1.173E+03    -7.948E-01     6.233E+00    -2.695E+00    -2.950E+00    -4.311E+00    -3.865E+00    -5.261E+00    -8.605E-01    -1.081E+00    -3.836E+00
   1.172E+03    -7.690E-01     6.214E+00    -2.694E+00    -2.965E+00    -4.302E+00    -3.898E+00    -5.198E+00    -8.654E-01    -1.098E+00    -3.852E+00
   1.172E+03    -7.690E-01     6.214E+00    -2.694E+00    -2.965E+00    -4.302E+00    -3.898E+00    -5.198E+00    -8.654E-01    -1.098E+00    -3.852E+00
   1.173E+03    -7.690E-01     6.214E+00    -2.694E+00    -2.965E+00    -4.302E+00    -3.898E+00    -5.198E+00    -8.654E-01    -1.098E+00    -3.852E+00
   1.173E+03    -7.690E-01     6.214E+00    -2.694E+00    -2.965E+00    -4.302E+00    -3.898E+00    -5.198E+00    -8.654E-01    -1.098E+00    -3.852E+00
   1.174E+03    -7.690E-01     6.214E+00    -2.694E+00    -2.965E+00    -4.302E+00    -3.898E+00    -5.198E+00    -8.654E-01    -1.098E+00    -3.852E+00
   1.173E+03    -7.690E-01     6.214E+00    -2.694E+00    -2.965E+00    -4.302E+00    -3.898E+00    -5.198E+00    -8.654E-01    -1.098E+00    -3.852E+00
   1.173E+03    -7.690E-01     6.214E+00    -2.694E+00    -2.965E+00    -4.302E+00    -3.898E+00    -5.198E+00    -8.654E-01    -1.098E+00    -3.852E+00
   1.173E+03    -7.690E-01     6.214E+00    -2.694E+00    -2.965E+00    -4.302E+00    -3.898E+00    -5.198E+00    -8.654E-01    -1.098E+00    -3.852E+00
   1.175E+03    -7.441E-01     6.196E+00    -2.677E+00    -2.982E+00    -4.281E+00    -3.892E+00    -5.137E+00    -8.577E-01    -1.097E+00    -3.819E+00
   1.175E+03    -7.441E-01     6.196E+00    -2.677E+00    -2.982E+00    -4.281E+00    -3.892E+00    -5.137E+00    -8.577E-01    -1.097E+00    -3.819E+00
   1.174E+03    -7.766E-01     6.219E+00    -2.650E+00    -2.926E+00    -4.272E+00    -3.877E+00    -5.129E+00    -8.561E-01    -1.098E+00    -3.780E+00
   1.173E+03    -7.766E-01     6.219E+00    -2.650E+00    -2.926E+00    -4.272E+00    -3.877E+00    -5.129E+00    -8.561E-01    -1.098E+00    -3.780E+00
   1.174E+03    -7.766E-01     6.219E+00    -2.650E+00    -2.926E+00    -4.272E+00    -3.877E+00    -5.129E+00    -8.561E-01    -1.098E+00    -3.780E+00
   1.173E+03    -8.023E-01     6.206E+00    -2.647E+00    -2.955E+00    -4.273E+00    -3.890E+00    -5.172E+00    -8.714E-01    -1.063E+00    -3.794E+00
   1.171E+03    -8.023E-01     6.206E+00    -2.647E+00    -2.955E+00    -4.273E+00    -3.890E+00    -5.172E+00    -8.714E-01    -1.063E+00    -3.794E+00
   1.171E+03    -8.023E-01     6.206E+00    -2.647E+00    -2.955E+00    -4.273E+00    -3.890E+00    -5.172E+00    -8.714E-01    -1.063E+00    -3.794E+00
   1.173E+03    -8.233E-01     6.198E+00    -2.655E+00    -2.944E+00    -4.305E+00    -3.915E+00    -5.253E+00    -8.786E-01    -1.073E+00    -3.820E+00
   1.172E+03    -8.233E-01     6.198E+00    -2.655E+00    -2.944E+00    -4.305E+00    -3.915E+00    -5.253E+00    -8.786E-01    -1.073E+00    -3.820E+00
   1.173E+03    -8.139E-01     6.197E+00    -2.664E+00    -2.966E+00    -4.276E+00    -3.895E+00    -5.252E+00    -8.628E-01    -1.048E+00    -3.814E+00
   1.174E+03    -8.283E-01     6.157E+00    -2.680E+00    -2.994E+00    -4.261E+00    -3.887E+00    -5.214E+00    -8.646E-01    -1.054E+00    -3.824E+00
   1.170E+03    -8.283E-01     6.157E+00    -2.680E+00    -2.994E+00    -4.261E+00    -3.887E+00    -5.214E+00    -8.646E-01    -1.054E+00    -3.824E+00
   1.177E+03    -8.331E-01     6.176E+00    -2.566E+00    -2.893E+00    -4.197E+00    -3.724E+00    -5.206E+00    -7.915E-01    -9.197E-01    -3.855E+00
   1.177E+03    -8.331E-01     6.176E+00    -2.566E+00    -2.893E+00    -4.197E+00    -3.724E+00    -5.206E+00    -7.915E-01    -9.197E-01    -3.855E+00
   1.176E+03    -8.382E-01     6.168E+00    -2.516E+00    -2.907E+00    -4.213E+00    -3.762E+00    -5.195E+00    -7.774E-01    -9.167E-01    -3.799E+00
   1.178E+03    -8.382E-01     6.168E+00    -2.516E+00    -2.907E+00    -4.213E+00    -3.762E+00    -5.195E+00    -7.774E-01    -9.167E-01    -3.799E+00
   1.178E+03    -8.382E-01     6.168E+00    -2.516E+00    -2.907E+00    -4.213E+00    -3.762E+00    -5.195E+00    -7.774E-01    -9.167E-01    -3.799E+00
   1.176E+03    -8.382E-01     6.168E+00    -2.516E+00    -2.907E+00    -4.213E+00    -3.762E+00    -5.195E+00    -7.774E-01    -9.167E-01    -3.799E+00
   1.175E+03    -8.012E-01     6.122E+00    -2.469E+00    -2.994E+00    -4.212E+00    -3.730E+00    -5.186E+00    -7.817E-01    -8.796E-01    -3.801E+00
   1.177E+03    -8.002E-01     6.159E+00    -2.502E+00    -2.951E+00    -4.207E+00    -3.715E+00    -5.197E+00    -7.809E-01    -8.729E-01    -3.813E+00
   1.179E+03    -8.073E-01     6.198E+00    -2.496E+00    -2.886E+00    -4.272E+00    -3.720E+00    -5.281E+00    -7.753E-01    -9.301E-01    -3.822E+00
   1.180E+03    -8.073E-01     6.198E+00    -2.496E+00    -2.886E+00    -4.272E+00    -3.720E+00    -5.281E+00    -7.753E-01    -9.301E-01    -3.822E+00
   1.178E+03    -7.860E-01     6.218E+00    -2.483E+00    -2.887E+00    -4.281E+00    -3.701E+00    -5.335E+00    -7.762E-01    -9.012E-01    -3.819E+00
   1.176E+03    -8.094E-01     6.230E+00    -2.512E+00    -2.843E+00    -4.281E+00    -3.702E+00    -5.427E+00    -7.686E-01    -9.125E-01    -3.840E+00
   1.176E+03    -8.094E-01     6.230E+00    -2.512E+00    -2.843E+00    -4.281E+00    -3.702E+00    -5.427E+00    -7.686E-01    -9.125E-01    -3.840E+00
   1.178E+03    -8.094E-01     6.230E+00    -2.512E+00    -2.843E+00    -4.281E+00    -3.702E+00    -5.427E+00    -7.686E-01    -9.125E-01    -3.840E+00
   1.179E+03    -8.094E-01     6.230E+00    -2.512E+00    -2.843E+00    -4.281E+00    -3.702E+00    -5.427E+00    -7.686E-01    -9.125E-01    -3.840E+00
   1.177E+03    -8.094E-01     6.230E+00    -2.512E+00    -2.843E+00    -4.281E+00    -3.702E+00    -5.427E+00    -7.686E-01    -9.125E-01    -3.840E+00
   1.179E+03    -8.094E-01     6.230E+00    -2.512E+00    -2.843E+00    -4.281E+00    -3.702E+00    -5.427E+00    -7.686E-01    -9.125E-01    -3.840E+00
   1.177E+03    -8.094E-01     6.230E+00    -2.512E+00    -2.843E+00    -4.281E+00    -3.702E+00    -5.427E+00    -7.686E-01    -9.125E-01    -3.840E+00
   1.176E+03    -8.263E-01     6.224E+00    -2.529E+00    -2.865E+00    -4.304E+00    -3.682E+00    -5.453E+00    -7.732E-01    -9.279E-01    -3.878E+00
   1.177E+03    -8.263E-01     6.224E+00    -2.529E+00    -2.865E+00    -4.304E+00    -3.682E+00    -5.453E+00    -7.732E-01    -9.279E-01    -3.878E+00
   1.177E+03    -8.263E-01     6.224E+00    -2.529E+00    -2.865E+00    -4.304E+00    -3.682E+00    -5.453E+00    -7.732E-01    -9.279E-01    -3.878E+00
   1.177E+03    -8.154E-01     6.198E+00    -2.514E+00    -2.933E+00    -4.323E+00    -3.715E+00    -5.440E+00    -7.883E-01    -9.450E-01    -3.908E+00
   1.173E+03    -8.154E-01     6.198E+00    -2.514E+00    -2.933E+00    -4.323E+00    -3.715E+00    -5.440E+00    -7.883E-01    -9.450E-01    -3.908E+00
   1.170E+03    -8.154E-01     6.198E+00    -2.514E+00    -2.933E+00    -4.323E+00    -3.715E+00    -5.440E+00    -7.883E-01    -9.450E-01    -3.908E+00
   1.175E+03    -8.154E-01     6.198E+00    -2.514E+00    -2.933E+00    -4.323E+00    -3.715E+00    -5.440E+00    -7.883E-01    -9.450E-01    -3.908E+00
   1.176E+03    -8.238E-01     6.191E+00    -2.517E+00    -2.903E+00    -4.255E+00    -3.749E+00    -5.319E+00    -7.980E-01    -9.088E-01    -3.850E+00
   1.172E+03    -8.238E-01     6.191E+00    -2.517E+00    -2.903E+00    -4.255E+00    -3.749E+00    -5.319E+00    -7.980E-01    -9.088E-01    -3.850E+00
   1.170E+03    -8.238E-01     6.191E+00    -2.517E+00    -2.903E+00    -4.255E+00    -3.749E+00    -5.319E+00    -7.980E-01    -9.088E-01    -3.850E+00
   1.177E+03    -8.392E-01     6.203E+00    -2.517E+00    -2.909E+00    -4.293E+00    -3.787E+00    -5.357E+00    -7.994E-01    -9.459E-01    -3.849E+00
   1.181E+03    -8.149E-01     6.164E+00    -2.486E+00    -2.994E+00    -4.299E+00    -3.770E+00    -5.353E+00    -7.906E-01    -9.277E-01    -3.859E+00
   1.180E+03    -8.149E-01     6.164E+00    -2.486E+00    -2.994E+00    -4.299E+00    -3.770E+00    -5.353E+00    -7.906E-01    -9.277E-01    -3.859E+00
   1.181E+03    -8.149E-01     6.164E+00    -2.486E+00    -2.994E+00    -4.299E+00    -3.770E+00    -5.353E+00    -7.906E-01    -9.277E-01    -3.859E+00
   1.180E+03    -8.149E-01     6.164E+00    -2.486E+00    -2.994E+00    -4.299E+00    -3.770E+00    -5.353E+00    -7.906E-01    -9.277E-01    -3.859E+00
   1.175E+03    -8.149E-01     6.164E+00    -2.486E+00    -2.994E+00    -4.299E+00    -3.770E+00    -5.353E+00    -7.906E-01    -9.277E-01    -3.859E+00
   1.180E+03    -8.149E-01     6.164E+00    -2.486E+00    -2.994E+00    -4.299E+00    -3.770E+00    -5.353E+00    -7.906E-01    -9.277E-01    -3.859E+00
   1.174E+03    -8.149E-01     6.164E+00    -2.486E+00    -2.994E+00    -4.299E+00    -3.770E+00    -5.353E+00    -7.906E-01    -9.277E-01    -3.859E+00
   1.178E+03    -8.150E-01     6.163E+00    -2.501E+00    -2.994E+00    -4.261E+00    -3.800E+00    -5.261E+00    -8.081E-01    -9.311E-01    -3.854E+00
   1.179E+03    -8.150E-01     6.163E+00    -2.501E+00    -2.994E+00    -4.261E+00    -3.800E+00    -5.261E+00    -8.081E-01    -9.311E-01    -3.854E+00
   1.180E+03    -8.150E-01     6.163E+00    -2.501E+00    -2.994E+00    -4.261E+00    -3.800E+00    -5.261E+00    -8.081E-01    -9.311E-01    -3.854E+00
   1.179E+03    -8.150E-01     6.163E+00    -2.501E+00    -2.994E+00    -4.261E+00    -3.800E+00    -5.261E+00    -8.081E-01    -9.311E-01    -3.854E+00
   1.180E+03    -8.150E-01     6.163E+00    -2.501E+00    -2.994E+00    -4.261E+00    -3.800E+00    -5.261E+00    -8.081E-01    -9.311E-01    -3.854E+00
   1.178E+03    -8.150E-01     6.163E+00    -2.501E+00    -2.994E+00    -4.261E+00    -3.800E+00    -5.261E+00    -8.081E-01    -9.311E-01    -3.854E+00
   1.178E+03    -8.150E-01     6.163E+00    -2.501E+00    -2.994E+00    -4.261E+00    -3.800E+00    -5.261E+00    -8.081E-01    -9.311E-01    -3.854E+00
   1.180E+03    -8.150E-01     6.163E+00    -2.501E+00    -2.994E+00    -4.261E+00    -3.800E+00    -5.261E+00    -8.081E-01    -9.311E-01    -3.854E+00
   1.179E+03    -8.150E-01     6.163E+00    -2.501E+00    -2.994E+00    -4.261E+00    -3.800E+00    -5.261E+00    -8.081E-01    -9.311E-01    -3.854E+00
   1.177E+03    -8.150E-01     6.163E+00    -2.501E+00    -2.994E+00    -4.261E+00    -3.800E+00    -5.261E+00    -8.081E-01    -9.311E-01    -3.854E+00
   1.179E+03    -8.150E-01     6.163E+00    -2.501E+00    -2.994E+00    -4.261E+00    -3.800E+00    -5.261E+00    -8.081E-01    -9.311E-01    -3.854E+00
   1.179E+03    -8.150E-01     6.163E+00    -2.501E+00    -2.994E+00    -4.261E+00    -3.800E+00    -5.261E+00    -8.081E-01    -9.311E-01    -3.854E+00
   1.176E+03    -8.353E-01     6.184E+00    -2.520E+00    -2.938E+00    -4.248E+00    -3.793E+00    -5.276E+00    -8.103E-01    -9.266E-01    -3.856E+00
   1.178E+03    -8.201E-01     6.159E+00    -2.514E+00    -2.968E+00    -4.222E+00    -3.797E+00    -5.224E+00    -8.060E-01    -9.160E-01    -3.828E+00
   1.178E+03    -8.201E-01     6.159E+00    -2.514E+00    -2.968E+00    -4.222E+00    -3.797E+00    -5.224E+00    -8.060E-01    -9.160E-01    -3.828E+00
   1.177E+03    -8.252E-01     6.186E+00    -2.462E+00    -2.956E+00    -4.266E+00    -3.780E+00    -5.281E+00    -8.071E-01    -9.363E-01    -3.815E+00
   1.177E+03    -8.252E-01     6.186E+00    -2.462E+00    -2.956E+00    -4.266E+00    -3.780E+00    -5.281E+00    -8.071E-01    -9.363E-01    -3.815E+00
   1.177E+03    -8.252E-01     6.186E+00    -2.462E+00    -2.956E+00    -4.266E+00    -3.780E+00    -5.281E+00    -8.071E-01    -9.363E-01    -3.815E+00
   1.177E+03    -8.252E-01     6.186E+00    -2.462E+00    -2.956E+00    -4.266E+00    -3.780E+00    -5.281E+00    -8.071E-01    -9.363E-01    -3.815E+00
   1.179E+03    -8.351E-01     6.160E+00    -2.421E+00    -2.971E+00    -4.277E+00    -3.768E+00    -5.263E+00    -7.830E-01    -9.297E-01    -3.775E+00
   1.180E+03    -8.351E-01     6.160E+00    -2.421E+00    -2.971E+00    -4.277E+00    -3.768E+00    -5.263E+00    -7.830E-01    -9.297E-01    -3.775E+00
   1.179E+03    -8.351E-01     6.160E+00    -2.421E+00    -2.971E+00    -4.277E+00    -3.768E+00    -5.263E+00    -7.830E-01    -9.297E-01    -3.775E+00
   1.176E+03    -8.351E-01     6.160E+00    -2.421E+00    -2.971E+00    -4.277E+00    -3.768E+00    -5.263E+00    -7.830E-01    -9.297E-01    -3.775E+00
   1.178E+03    -8.351E-01     6.160E+00    -2.421E+00    -2.971E+00    -4.277E+00    -3.768E+00    -5.263E+00    -7.830E-01    -9.297E-01    -3.775E+00
   1.180E+03    -8.351E-01     6.160E+00    -2.421E+00    -2.971E+00    -4.277E+00    -3.768E+00    -5.263E+00    -7.830E-01    -9.297E-01    -3.775E+00
   1.178E+03    -8.351E-01     6.160E+00    -2.421E+00    -2.971E+00    -4.277E+00    -3.768E+00    -5.263E+00    -7.830E-01    -9.297E-01    -3.775E+00
   1.179E+03    -8.309E-01     6.165E+00    -2.440E+00    -2.935E+00    -4.229E+00    -3.751E+00    -5.199E+00    -7.760E-01    -8.930E-01    -3.744E+00
   1.178E+03    -8.309E-01     6.165E+00    -2.440E+00    -2.935E+00    -4.229E+00    -3.751E+00    -5.199E+00    -7.760E-01    -8.930E-01    -3.744E+00
   1.180E+03    -8.309E-01     6.165E+00    -2.440E+00    -2.935E+00    -4.229E+00    -3.751E+00    -5.199E+00    -7.760E-01    -8.930E-01    -3.744E+00
   1.178E+03    -8.309E-01     6.165E+00    -2.440E+00    -2.935E+00    -4.229E+00    -3.751E+00    -5.199E+00    -7.760E-01    -8.930E-01    -3.744E+00
   1.179E+03    -8.309E-01     6.165E+00    -2.440E+00    -2.935E+00    -4.229E+00    -3.751E+00    -5.199E+00    -7.760E-01    -8.930E-01    -3.744E+00
   1.178E+03    -8.309E-01     6.165E+00    -2.440E+00    -2.935E+00    -4.229E+00    -3.751E+00    -5.199E+00    -7.760E-01    -8.930E-01    -3.744E+00
   1.178E+03    -8.309E-01     6.165E+00    -2.440E+00    -2.935E+00    -4.229E+00    -3.751E+00    -5.199E+00    -7.760E-01    -8.930E-01    -3.744E+00
   1.180E+03    -8.354E-01     6.214E+00    -2.442E+00    -2.923E+00    -4.286E+00    -3.727E+00    -5.363E+00    -7.590E-01    -9.193E-01    -3.789E+00
   1.176E+03    -8.354E-01     6.214E+00    -2.442E+00    -2.923E+00    -4.286E+00    -3.727E+00    -5.363E+00    -7.590E-01    -9.193E-01    -3.789E+00
   1.180E+03    -8.354E-01     6.214E+00    -2.442E+00    -2.923E+00    -4.286E+00    -3.727E+00    -5.363E+00    -7.590E-01    -9.193E-01    -3.789E+00
   1.179E+03    -8.354E-01     6.214E+00    -2.442E+00    -2.923E+00    -4.286E+00    -3.727E+00    -5.363E+00    -7.590E-01    -9.193E-01    -3.789E+00
   1.178E+03    -8.354E-01     6.214E+00    -2.442E+00    -2.923E+00    -4.286E+00    -3.727E+00    -5.363E+00    -7.590E-01    -9.193E-01    -3.789E+00
   1.181E+03    -7.922E-01     6.187E+00    -2.424E+00    -2.973E+00    -4.199E+00    -3.742E+00    -5.182E+00    -7.641E-01    -8.699E-01    -3.748E+00
   1.183E+03    -7.863E-01     6.179E+00    -2.420E+00    -2.995E+00    -4.223E+00    -3.755E+00    -5.152E+00    -7.833E-01    -9.145E-01    -3.776E+00
   1.182E+03    -7.863E-01     6.179E+00    -2.420E+00    -2.995E+00    -4.223E+00    -3.755E+00    -5.152E+00    -7.833E-01    -9.145E-01    -3.776E+00
   1.183E+03    -7.863E-01     6.179E+00    -2.420E+00    -2.995E+00    -4.223E+00    -3.755E+00    -5.152E+00    -7.833E-01    -9.145E-01    -3.776E+00
   1.183E+03    -7.863E-01     6.179E+00    -2.420E+00    -2.995E+00    -4.223E+00    -3.755E+00    -5.152E+00    -7.833E-01    -9.145E-01    -3.776E+00
   1.183E+03    -7.863E-01     6.179E+00    -2.420E+00    -2.995E+00    -4.223E+00    -3.755E+00    -5.152E+00    -7.833E-01    -9.145E-01    -3.776E+00
   1.182E+03    -7.863E-01     6.179E+00    -2.420E+00    -2.995E+00    -4.223E+00    -3.755E+00    -5.152E+00    -7.833E-01    -9.145E-01    -3.776E+00
   1.179E+03    -7.863E-01     6.179E+00    -2.420E+00    -2.995E+00    -4.223E+00    -3.755E+00    -5.152E+00    -7.833E-01    -9.145E-01    -3.776E+00
   1.182E+03    -7.863E-01     6.179E+00    -2.420E+00    -2.995E+00    -4.223E+00    -3.755E+00    -5.152E+00    -7.833E-01    -9.145E-01    -3.776E+00
   1.178E+03    -7.863E-01     6.179E+00    -2.420E+00    -2.995E+00    -4.223E+00    -3.755E+00    -5.152E+00    -7.833E-01    -9.145E-01    -3.776E+00
   1.182E+03    -7.863E-01     6.179E+00    -2.420E+00    -2.995E+00    -4.223E+00    -3.755E+00    -5.152E+00    -7.833E-01    -9.145E-01    -3.776E+00
   1.184E+03    -7.863E-01     6.179E+00    -2.420E+00    -2.995E+00    -4.223E+00    -3.755E+00    -5.152E+00    -7.833E-01    -9.145E-01    -3.776E+00
   1.183E+03    -7.863E-01     6.179E+00    -2.420E+00    -2.995E+00    -4.223E+00    -3.755E+00    -5.152E+00    -7.833E-01    -9.145E-01    -3.776E+00
   1.181E+03    -7.863E-01     6.179E+00    -2.420E+00    -2.995E+00    -4.223E+00    -3.755E+00    -5.152E+00    -7.833E-01    -9.145E-01    -3.776E+00
   1.181E+03    -7.863E-01     6.179E+00    -2.420E+00    -2.995E+00    -4.223E+00    -3.755E+00    -5.152E+00    -7.833E-01    -9.145E-01    -3.776E+00
   1.183E+03    -7.863E-01     6.179E+00    -2.420E+00    -2.995E+00    -4.223E+00    -3.755E+00    -5.152E+00    -7.833E-01    -9.145E-01    -3.776E+00
   1.183E+03    -7.863E-01     6.179E+00    -2.420E+00    -2.995E+00    -4.223E+00    -3.755E+00    -5.152E+00    -7.833E-01    -9.145E-01    -3.776E+00
   1.182E+03    -7.922E-01     6.187E+00    -2.442E+00    -2.992E+00    -4.197E+00    -3.785E+00    -5.148E+00    -7.979E-01    -9.131E-01    -3.797E+00
   1.182E+03    -7.922E-01     6.187E+00    -2.442E+00    -2.992E+00    -4.197E+00    -3.785E+00    -5.148E+00    -7.979E-01    -9.131E-01    -3.797E+00
   1.182E+03    -7.922E-01     6.187E+00    -2.442E+00    -2.992E+00    -4.197E+00    -3.785E+00    -5.148E+00    -7.979E-01    -9.131E-01    -3.797E+00
   1.181E+03    -7.922E-01     6.187E+00    -2.442E+00    -2.992E+00    -4.197E+00    -3.785E+00    -5.148E+00    -7.979E-01    -9.131E-01    -3.797E+00
   1.177E+03    -7.922E-01     6.187E+00    -2.442E+00    -2.992E+00    -4.197E+00    -3.785E+00    -5.148E+00    -7.979E-01    -9.131E-01    -3.797E+00
   1.181E+03    -7.922E-01     6.187E+00    -2.442E+00    -2.992E+00    -4.197E+00    -3.785E+00    -5.148E+00    -7.979E-01    -9.131E-01    -3.797E+00
   1.182E+03    -7.922E-01     6.187E+00    -2.442E+00    -2.992E+00    -4.197E+00    -3.785E+00    -5.148E+00    -7.979E-01    -9.131E-01    -3.797E+00
   1.180E+03    -7.676E-01     6.196E+00    -2.454E+00    -2.985E+00    -4.174E+00    -3.756E+00    -5.096E+00    -7.929E-01    -9.023E-01    -3.791E+00
   1.179E+03    -7.676E-01     6.196E+00    -2.454E+00    -2.985E+00    -4.174E+00    -3.756E+00    -5.096E+00    -7.929E-01    -9.023E-01    -3.791E+00
