LogL       sigmaS1TIN    sigmaS1CHL    sigmaS1NPP    sigmaS1PON    SSqES1TIN     SSqES1CHL     SSqES1NPP     SSqES1PON 
  -3.855E+03     1.000E-01     1.000E-01     1.000E-01     1.000E-01     2.514E+01     8.116E+01     1.492E+01     3.258E+00
   3.398E+02     1.513E-01     4.401E-01     3.644E-01     3.117E-01     2.677E+01     3.349E+01     1.187E+01     2.399E+00
   4.543E+02     1.573E-01     2.749E-01     3.120E-01     2.729E-01     2.885E+01     2.088E+01     8.658E+00     4.085E+00
   5.542E+02     1.592E-01     2.191E-01     2.569E-01     3.672E-01     2.829E+01     1.401E+01     1.004E+01     2.246E+00
   5.695E+02     1.555E-01     1.893E-01     2.633E-01     2.923E-01     2.829E+01     1.401E+01     1.004E+01     2.246E+00
   5.711E+02     1.592E-01     1.863E-01     2.803E-01     2.740E-01     2.829E+01     1.401E+01     1.004E+01     2.246E+00
   7.452E+02     1.586E-01     1.774E-01     3.053E-01     2.349E-01     1.748E+01     1.261E+01     9.018E+00     9.173E+00
   8.450E+02     1.257E-01     1.714E-01     2.647E-01     5.386E-01     1.748E+01     1.261E+01     9.018E+00     9.173E+00
   8.562E+02     1.253E-01     1.746E-01     2.434E-01     6.129E-01     1.665E+01     1.279E+01     9.810E+00     1.044E+01
   8.753E+02     1.207E-01     1.758E-01     2.705E-01     5.141E-01     1.633E+01     1.242E+01     9.774E+00     1.109E+01
   8.921E+02     1.241E-01     1.824E-01     2.820E-01     6.201E-01     1.563E+01     1.264E+01     9.602E+00     1.235E+01
   8.970E+02     1.196E-01     1.766E-01     2.777E-01     6.519E-01     1.550E+01     1.269E+01     9.830E+00     1.278E+01
   8.970E+02     1.155E-01     1.676E-01     2.793E-01     6.186E-01     1.550E+01     1.269E+01     9.830E+00     1.278E+01
   8.969E+02     1.147E-01     1.698E-01     2.735E-01     6.105E-01     1.550E+01     1.269E+01     9.830E+00     1.278E+01
   8.996E+02     1.182E-01     1.771E-01     2.816E-01     6.881E-01     1.536E+01     1.270E+01     1.004E+01     1.312E+01
   8.986E+02     1.187E-01     1.701E-01     3.042E-01     7.154E-01     1.536E+01     1.270E+01     1.004E+01     1.312E+01
   8.987E+02     1.190E-01     1.769E-01     2.746E-01     5.510E-01     1.536E+01     1.270E+01     1.004E+01     1.312E+01
   9.160E+02     1.141E-01     1.722E-01     2.820E-01     6.882E-01     1.496E+01     1.260E+01     9.974E+00     1.408E+01
   9.268E+02     1.179E-01     1.726E-01     2.871E-01     6.666E-01     1.336E+01     1.388E+01     1.124E+01     2.248E+01
   9.373E+02     1.081E-01     1.704E-01     2.915E-01     6.895E-01     1.329E+01     1.385E+01     1.125E+01     2.258E+01
   9.730E+02     1.057E-01     1.931E-01     2.960E-01     1.047E+00     1.249E+01     1.373E+01     1.094E+01     2.670E+01
   9.798E+02     1.059E-01     1.815E-01     3.062E-01     1.067E+00     1.223E+01     1.410E+01     1.083E+01     2.882E+01
   9.785E+02     1.071E-01     1.852E-01     3.336E-01     1.014E+00     1.225E+01     1.389E+01     1.092E+01     3.007E+01
   9.813E+02     1.056E-01     1.800E-01     2.869E-01     9.079E-01     1.225E+01     1.389E+01     1.092E+01     3.007E+01
   9.834E+02     1.063E-01     1.849E-01     2.913E-01     9.142E-01     1.224E+01     1.381E+01     1.083E+01     2.997E+01
   9.820E+02     1.064E-01     1.832E-01     2.990E-01     1.228E+00     1.224E+01     1.381E+01     1.083E+01     2.997E+01
   9.807E+02     1.056E-01     1.675E-01     3.162E-01     1.046E+00     1.224E+01     1.381E+01     1.083E+01     2.997E+01
   9.829E+02     1.063E-01     1.729E-01     3.007E-01     1.015E+00     1.224E+01     1.381E+01     1.083E+01     2.997E+01
   9.834E+02     1.037E-01     1.844E-01     2.951E-01     1.108E+00     1.224E+01     1.381E+01     1.083E+01     2.997E+01
   9.904E+02     1.028E-01     1.784E-01     3.105E-01     9.239E-01     1.208E+01     1.407E+01     1.036E+01     2.917E+01
   9.975E+02     1.020E-01     1.944E-01     2.843E-01     8.506E-01     1.202E+01     1.379E+01     1.016E+01     2.845E+01
   9.990E+02     1.034E-01     1.824E-01     2.612E-01     8.182E-01     1.202E+01     1.379E+01     1.016E+01     2.845E+01
   1.000E+03     1.038E-01     1.814E-01     2.662E-01     9.529E-01     1.202E+01     1.379E+01     1.016E+01     2.845E+01
   1.005E+03     1.030E-01     1.871E-01     2.724E-01     9.537E-01     1.197E+01     1.335E+01     1.024E+01     3.142E+01
   1.005E+03     1.058E-01     1.717E-01     2.748E-01     1.158E+00     1.197E+01     1.335E+01     1.024E+01     3.142E+01
   1.004E+03     1.058E-01     1.734E-01     2.812E-01     8.160E-01     1.197E+01     1.335E+01     1.024E+01     3.142E+01
   1.004E+03     1.036E-01     1.760E-01     2.452E-01     9.374E-01     1.197E+01     1.335E+01     1.024E+01     3.142E+01
   1.013E+03     1.037E-01     1.810E-01     3.001E-01     9.274E-01     1.190E+01     1.313E+01     1.016E+01     3.273E+01
   1.012E+03     1.035E-01     1.711E-01     2.525E-01     9.547E-01     1.190E+01     1.313E+01     1.016E+01     3.273E+01
   1.013E+03     1.007E-01     1.800E-01     2.815E-01     9.972E-01     1.190E+01     1.313E+01     1.016E+01     3.273E+01
   1.012E+03     1.007E-01     1.845E-01     2.688E-01     1.010E+00     1.190E+01     1.313E+01     1.016E+01     3.273E+01
   1.012E+03     1.024E-01     1.819E-01     2.817E-01     8.266E-01     1.190E+01     1.313E+01     1.016E+01     3.273E+01
   1.010E+03     1.013E-01     1.896E-01     2.723E-01     1.022E+00     1.192E+01     1.307E+01     1.029E+01     3.187E+01
   1.013E+03     1.027E-01     1.816E-01     2.816E-01     9.409E-01     1.192E+01     1.307E+01     1.029E+01     3.187E+01
   1.013E+03     1.060E-01     1.714E-01     2.903E-01     1.027E+00     1.187E+01     1.312E+01     1.022E+01     3.331E+01
   1.012E+03     1.016E-01     1.705E-01     2.669E-01     8.287E-01     1.187E+01     1.312E+01     1.022E+01     3.331E+01
   1.018E+03     1.040E-01     1.774E-01     2.724E-01     1.005E+00     1.183E+01     1.310E+01     1.003E+01     3.310E+01
   1.019E+03     1.027E-01     1.751E-01     2.765E-01     9.886E-01     1.183E+01     1.310E+01     1.003E+01     3.310E+01
   1.019E+03     1.028E-01     1.700E-01     2.793E-01     9.779E-01     1.216E+01     1.358E+01     7.609E+00     2.483E+01
   1.021E+03     1.040E-01     1.778E-01     2.565E-01     7.409E-01     1.216E+01     1.358E+01     7.609E+00     2.483E+01
   1.024E+03     1.059E-01     1.772E-01     2.481E-01     9.303E-01     1.180E+01     1.472E+01     7.160E+00     2.545E+01
   1.024E+03     1.046E-01     1.952E-01     2.232E-01     1.028E+00     1.180E+01     1.472E+01     7.160E+00     2.545E+01
   1.023E+03     1.026E-01     1.986E-01     2.360E-01     1.114E+00     1.180E+01     1.472E+01     7.160E+00     2.545E+01
   1.023E+03     1.073E-01     1.797E-01     2.315E-01     9.404E-01     1.180E+01     1.472E+01     7.160E+00     2.545E+01
   1.036E+03     1.051E-01     1.918E-01     2.270E-01     1.015E+00     1.151E+01     1.468E+01     7.254E+00     2.738E+01
   1.044E+03     9.772E-02     1.874E-01     2.466E-01     9.400E-01     1.146E+01     1.437E+01     7.286E+00     2.768E+01
   1.042E+03     1.018E-01     1.814E-01     2.033E-01     8.589E-01     1.146E+01     1.437E+01     7.286E+00     2.768E+01
   1.043E+03     9.938E-02     1.878E-01     2.674E-01     8.349E-01     1.146E+01     1.437E+01     7.286E+00     2.768E+01
   1.048E+03     1.028E-01     1.888E-01     2.291E-01     8.893E-01     1.120E+01     1.492E+01     7.165E+00     3.059E+01
   1.053E+03     1.002E-01     1.957E-01     2.316E-01     1.109E+00     1.123E+01     1.434E+01     7.289E+00     3.015E+01
   1.052E+03     1.022E-01     1.769E-01     2.344E-01     1.306E+00     1.123E+01     1.434E+01     7.289E+00     3.015E+01
   1.053E+03     9.870E-02     1.885E-01     2.692E-01     1.117E+00     1.123E+01     1.434E+01     7.289E+00     3.015E+01
   1.055E+03     9.932E-02     1.859E-01     2.231E-01     9.290E-01     1.123E+01     1.434E+01     7.289E+00     3.015E+01
   1.048E+03     1.041E-01     1.751E-01     2.878E-01     8.510E-01     1.123E+01     1.434E+01     7.289E+00     3.015E+01
   1.052E+03     1.032E-01     1.839E-01     2.450E-01     7.034E-01     1.144E+01     1.369E+01     7.377E+00     2.786E+01
   1.055E+03     9.839E-02     1.819E-01     2.377E-01     8.222E-01     1.144E+01     1.369E+01     7.377E+00     2.786E+01
   1.055E+03     9.811E-02     1.697E-01     2.340E-01     7.777E-01     1.130E+01     1.404E+01     7.167E+00     2.880E+01
   1.058E+03     1.002E-01     1.806E-01     2.313E-01     7.963E-01     1.130E+01     1.404E+01     7.167E+00     2.880E+01
   1.058E+03     9.903E-02     1.861E-01     2.494E-01     9.376E-01     1.130E+01     1.404E+01     7.167E+00     2.880E+01
   1.055E+03     1.043E-01     1.730E-01     2.184E-01     1.154E+00     1.142E+01     1.349E+01     7.497E+00     2.908E+01
   1.057E+03     1.023E-01     1.723E-01     2.601E-01     8.764E-01     1.142E+01     1.349E+01     7.497E+00     2.908E+01
   1.057E+03     1.005E-01     1.813E-01     2.597E-01     1.114E+00     1.142E+01     1.349E+01     7.497E+00     2.908E+01
   1.055E+03     1.015E-01     1.707E-01     2.153E-01     8.040E-01     1.146E+01     1.353E+01     7.339E+00     2.798E+01
   1.061E+03     1.035E-01     1.771E-01     2.378E-01     8.574E-01     1.146E+01     1.319E+01     7.529E+00     2.843E+01
   1.062E+03     1.008E-01     1.786E-01     2.427E-01     9.937E-01     1.146E+01     1.319E+01     7.529E+00     2.843E+01
   1.072E+03     1.027E-01     1.815E-01     2.316E-01     9.214E-01     1.130E+01     1.331E+01     7.050E+00     2.832E+01
   1.071E+03     9.780E-02     1.807E-01     2.489E-01     8.937E-01     1.130E+01     1.331E+01     7.050E+00     2.832E+01
   1.069E+03     1.009E-01     1.880E-01     2.134E-01     1.068E+00     1.130E+01     1.331E+01     7.050E+00     2.832E+01
   1.070E+03     1.026E-01     1.818E-01     2.334E-01     9.110E-01     1.119E+01     1.366E+01     6.936E+00     3.227E+01
   1.070E+03     9.923E-02     1.830E-01     2.282E-01     1.145E+00     1.119E+01     1.366E+01     6.936E+00     3.227E+01
   1.070E+03     1.010E-01     1.849E-01     2.449E-01     8.753E-01     1.119E+01     1.366E+01     6.936E+00     3.227E+01
   1.067E+03     1.061E-01     1.763E-01     2.282E-01     1.073E+00     1.119E+01     1.366E+01     6.936E+00     3.227E+01
   1.077E+03     1.018E-01     1.752E-01     2.340E-01     1.088E+00     1.111E+01     1.356E+01     6.884E+00     3.147E+01
   1.075E+03     1.001E-01     1.704E-01     2.475E-01     1.182E+00     1.111E+01     1.356E+01     6.884E+00     3.147E+01
   1.072E+03     1.049E-01     1.900E-01     2.276E-01     8.691E-01     1.111E+01     1.356E+01     6.884E+00     3.147E+01
   1.076E+03     1.039E-01     1.895E-01     2.591E-01     8.920E-01     1.099E+01     1.394E+01     6.622E+00     2.958E+01
   1.079E+03     9.873E-02     1.815E-01     2.323E-01     1.260E+00     1.087E+01     1.443E+01     6.584E+00     3.021E+01
   1.078E+03     9.695E-02     1.896E-01     2.540E-01     7.982E-01     1.087E+01     1.443E+01     6.584E+00     3.021E+01
   1.078E+03     9.482E-02     1.799E-01     2.327E-01     8.017E-01     1.087E+01     1.443E+01     6.584E+00     3.021E+01
   1.078E+03     9.830E-02     1.938E-01     2.481E-01     1.117E+00     1.087E+01     1.443E+01     6.584E+00     3.021E+01
   1.079E+03     9.505E-02     1.884E-01     2.125E-01     8.797E-01     1.087E+01     1.468E+01     6.402E+00     2.811E+01
   1.082E+03     9.693E-02     1.891E-01     2.041E-01     1.204E+00     1.111E+01     1.335E+01     6.563E+00     2.648E+01
   1.087E+03     1.017E-01     1.804E-01     2.408E-01     8.012E-01     1.111E+01     1.335E+01     6.563E+00     2.648E+01
   1.086E+03     1.005E-01     1.747E-01     2.600E-01     1.196E+00     1.108E+01     1.317E+01     6.785E+00     2.737E+01
   1.097E+03     1.005E-01     1.785E-01     2.372E-01     8.421E-01     1.088E+01     1.310E+01     6.848E+00     3.025E+01
   1.097E+03     9.583E-02     1.757E-01     2.505E-01     9.392E-01     1.088E+01     1.310E+01     6.848E+00     3.025E+01
   1.096E+03     9.779E-02     1.862E-01     2.426E-01     1.114E+00     1.088E+01     1.310E+01     6.848E+00     3.025E+01
   1.093E+03     9.931E-02     1.742E-01     2.700E-01     8.187E-01     1.090E+01     1.334E+01     6.644E+00     2.843E+01
   1.095E+03     9.990E-02     1.832E-01     2.168E-01     7.955E-01     1.090E+01     1.334E+01     6.644E+00     2.843E+01
   1.095E+03     1.013E-01     1.756E-01     2.484E-01     8.723E-01     1.090E+01     1.334E+01     6.644E+00     2.843E+01
  -3.855E+03     1.000E-01     1.000E-01     1.000E-01     1.000E-01     2.514E+01     8.116E+01     1.492E+01     3.258E+00
   3.481E+02     1.453E-01     3.985E-01     3.220E-01     3.434E-01     2.356E+01     5.895E+01     1.253E+01     3.692E+00
   3.720E+02     1.420E-01     4.010E-01     3.135E-01     3.592E-01     2.341E+01     5.261E+01     1.237E+01     3.546E+00
   3.710E+02     1.498E-01     3.593E-01     3.946E-01     3.086E-01     2.341E+01     5.261E+01     1.237E+01     3.546E+00
   3.834E+02     1.442E-01     3.404E-01     2.906E-01     3.398E-01     2.368E+01     5.060E+01     1.187E+01     3.491E+00
   4.834E+02     1.449E-01     3.460E-01     2.991E-01     3.185E-01     2.480E+01     2.395E+01     1.014E+01     2.204E+00
   5.320E+02     1.452E-01     2.422E-01     2.604E-01     2.496E-01     2.480E+01     2.395E+01     1.014E+01     2.204E+00
   5.812E+02     1.439E-01     2.331E-01     2.636E-01     2.971E-01     2.632E+01     1.582E+01     8.496E+00     1.920E+00
   5.969E+02     1.534E-01     1.877E-01     2.769E-01     3.327E-01     2.632E+01     1.582E+01     8.496E+00     1.920E+00
   5.994E+02     1.520E-01     2.008E-01     2.567E-01     2.659E-01     2.632E+01     1.582E+01     8.496E+00     1.920E+00
   5.981E+02     1.563E-01     1.989E-01     2.502E-01     2.967E-01     2.632E+01     1.582E+01     8.496E+00     1.920E+00
   6.754E+02     1.571E-01     1.943E-01     2.860E-01     2.307E-01     2.351E+01     1.451E+01     7.592E+00     2.217E+00
   6.973E+02     1.470E-01     1.792E-01     2.603E-01     2.399E-01     2.409E+01     1.313E+01     7.507E+00     1.937E+00
   7.824E+02     1.450E-01     1.727E-01     2.710E-01     2.767E-01     1.678E+01     1.474E+01     8.507E+00     9.237E+00
   8.552E+02     1.219E-01     1.892E-01     2.915E-01     5.398E-01     1.678E+01     1.335E+01     8.538E+00     9.320E+00
   8.561E+02     1.226E-01     1.857E-01     2.567E-01     6.883E-01     1.678E+01     1.335E+01     8.538E+00     9.320E+00
   9.007E+02     1.238E-01     1.821E-01     2.623E-01     7.404E-01     1.560E+01     1.295E+01     8.107E+00     1.126E+01
   9.202E+02     1.201E-01     1.785E-01     2.588E-01     4.584E-01     1.445E+01     1.423E+01     7.722E+00     1.331E+01
   9.430E+02     1.095E-01     1.868E-01     2.515E-01     6.114E-01     1.420E+01     1.390E+01     7.567E+00     1.397E+01
   9.435E+02     1.135E-01     1.855E-01     2.577E-01     7.102E-01     1.420E+01     1.390E+01     7.567E+00     1.397E+01
   9.435E+02     1.124E-01     1.788E-01     2.515E-01     7.892E-01     1.420E+01     1.390E+01     7.567E+00     1.397E+01
   9.433E+02     1.096E-01     1.844E-01     2.585E-01     6.509E-01     1.420E+01     1.390E+01     7.567E+00     1.397E+01
   9.631E+02     1.119E-01     1.848E-01     2.455E-01     6.710E-01     1.431E+01     1.221E+01     7.740E+00     1.397E+01
   9.984E+02     1.120E-01     1.723E-01     2.435E-01     6.974E-01     1.287E+01     1.346E+01     7.808E+00     1.693E+01
   1.000E+03     1.055E-01     1.770E-01     2.694E-01     7.454E-01     1.287E+01     1.346E+01     7.808E+00     1.693E+01
   1.044E+03     1.080E-01     1.737E-01     2.464E-01     6.405E-01     1.149E+01     1.448E+01     7.319E+00     1.902E+01
   1.111E+03     1.044E-01     1.926E-01     2.595E-01     7.913E-01     1.056E+01     1.296E+01     7.121E+00     2.239E+01
   1.132E+03     9.455E-02     1.825E-01     2.309E-01     1.001E+00     9.925E+00     1.433E+01     7.167E+00     2.541E+01
   1.132E+03     9.330E-02     1.817E-01     2.453E-01     9.876E-01     9.925E+00     1.433E+01     7.167E+00     2.541E+01
   1.130E+03     9.309E-02     1.943E-01     2.375E-01     1.112E+00     9.925E+00     1.433E+01     7.167E+00     2.541E+01
   1.142E+03     9.271E-02     1.870E-01     2.199E-01     9.838E-01     1.009E+01     1.302E+01     6.998E+00     2.488E+01
   1.142E+03     9.850E-02     1.671E-01     2.232E-01     8.209E-01     1.009E+01     1.302E+01     6.998E+00     2.488E+01
   1.147E+03     9.563E-02     1.639E-01     2.274E-01     8.241E-01     9.727E+00     1.380E+01     6.891E+00     2.792E+01
   1.152E+03     9.340E-02     1.773E-01     2.233E-01     9.313E-01     9.727E+00     1.380E+01     6.891E+00     2.792E+01
   1.147E+03     9.627E-02     1.742E-01     2.714E-01     9.101E-01     9.727E+00     1.380E+01     6.891E+00     2.792E+01
   1.151E+03     9.462E-02     1.755E-01     2.302E-01     1.099E+00     9.727E+00     1.380E+01     6.891E+00     2.792E+01
   1.150E+03     9.381E-02     1.918E-01     2.420E-01     9.457E-01     9.727E+00     1.380E+01     6.891E+00     2.792E+01
   1.171E+03     9.193E-02     1.684E-01     2.280E-01     1.030E+00     9.692E+00     1.273E+01     6.757E+00     2.915E+01
   1.170E+03     9.184E-02     1.640E-01     2.433E-01     9.320E-01     9.653E+00     1.289E+01     6.667E+00     3.015E+01
   1.168E+03     9.662E-02     1.659E-01     2.386E-01     8.888E-01     9.653E+00     1.289E+01     6.667E+00     3.015E+01
   1.178E+03     9.245E-02     1.724E-01     2.229E-01     9.636E-01     9.709E+00     1.236E+01     6.561E+00     2.963E+01
   1.176E+03     9.237E-02     1.615E-01     2.321E-01     1.036E+00     9.782E+00     1.219E+01     6.499E+00     3.105E+01
   1.175E+03     9.429E-02     1.619E-01     2.366E-01     9.783E-01     9.782E+00     1.219E+01     6.499E+00     3.105E+01
   1.175E+03     9.418E-02     1.689E-01     2.482E-01     1.041E+00     9.782E+00     1.219E+01     6.499E+00     3.105E+01
   1.175E+03     9.613E-02     1.638E-01     2.273E-01     9.811E-01     9.782E+00     1.219E+01     6.499E+00     3.105E+01
   1.176E+03     9.485E-02     1.642E-01     2.256E-01     9.862E-01     9.782E+00     1.219E+01     6.499E+00     3.105E+01
   1.176E+03     9.366E-02     1.613E-01     2.284E-01     1.019E+00     9.782E+00     1.219E+01     6.499E+00     3.105E+01
   1.173E+03     9.593E-02     1.814E-01     2.202E-01     1.100E+00     9.782E+00     1.219E+01     6.499E+00     3.105E+01
   1.169E+03     9.774E-02     1.734E-01     1.890E-01     1.148E+00     9.782E+00     1.219E+01     6.499E+00     3.105E+01
   1.175E+03     9.622E-02     1.721E-01     2.179E-01     9.475E-01     9.782E+00     1.219E+01     6.499E+00     3.105E+01
   1.176E+03     9.359E-02     1.647E-01     2.176E-01     1.018E+00     9.782E+00     1.219E+01     6.499E+00     3.105E+01
   1.175E+03     9.590E-02     1.702E-01     2.385E-01     9.922E-01     9.782E+00     1.219E+01     6.499E+00     3.105E+01
   1.175E+03     9.490E-02     1.777E-01     2.441E-01     1.004E+00     9.781E+00     1.213E+01     6.535E+00     3.079E+01
   1.175E+03     9.231E-02     1.798E-01     2.331E-01     9.540E-01     9.781E+00     1.213E+01     6.535E+00     3.079E+01
   1.174E+03     9.636E-02     1.712E-01     2.383E-01     8.093E-01     9.781E+00     1.213E+01     6.535E+00     3.079E+01
   1.173E+03     9.713E-02     1.667E-01     2.540E-01     1.151E+00     9.781E+00     1.213E+01     6.535E+00     3.079E+01
   1.176E+03     9.564E-02     1.668E-01     2.285E-01     8.686E-01     9.781E+00     1.213E+01     6.535E+00     3.079E+01
   1.176E+03     9.310E-02     1.771E-01     2.405E-01     9.278E-01     9.781E+00     1.213E+01     6.535E+00     3.079E+01
   1.176E+03     9.284E-02     1.673E-01     2.064E-01     9.058E-01     9.781E+00     1.213E+01     6.535E+00     3.079E+01
   1.173E+03     9.537E-02     1.732E-01     1.961E-01     8.633E-01     9.781E+00     1.213E+01     6.535E+00     3.079E+01
   1.175E+03     9.676E-02     1.679E-01     2.339E-01     1.033E+00     9.781E+00     1.213E+01     6.535E+00     3.079E+01
   1.174E+03     9.150E-02     1.609E-01     2.343E-01     7.790E-01     9.781E+00     1.213E+01     6.535E+00     3.079E+01
   1.178E+03     9.222E-02     1.709E-01     2.127E-01     1.083E+00     9.781E+00     1.207E+01     6.545E+00     2.955E+01
   1.175E+03     9.294E-02     1.621E-01     2.495E-01     8.965E-01     9.831E+00     1.205E+01     6.531E+00     2.877E+01
   1.177E+03     9.344E-02     1.689E-01     2.250E-01     8.494E-01     9.768E+00     1.222E+01     6.494E+00     2.946E+01
   1.175E+03     9.572E-02     1.715E-01     2.257E-01     7.726E-01     9.768E+00     1.222E+01     6.494E+00     2.946E+01
   1.176E+03     9.400E-02     1.757E-01     2.537E-01     9.243E-01     9.805E+00     1.208E+01     6.590E+00     2.786E+01
   1.176E+03     9.417E-02     1.734E-01     2.528E-01     1.050E+00     9.805E+00     1.208E+01     6.590E+00     2.786E+01
   1.177E+03     9.408E-02     1.664E-01     2.133E-01     9.545E-01     9.805E+00     1.208E+01     6.590E+00     2.786E+01
   1.176E+03     9.135E-02     1.726E-01     2.518E-01     9.639E-01     9.805E+00     1.208E+01     6.590E+00     2.786E+01
   1.179E+03     9.386E-02     1.656E-01     2.169E-01     8.049E-01     9.686E+00     1.224E+01     6.609E+00     2.897E+01
   1.181E+03     9.261E-02     1.671E-01     2.196E-01     8.740E-01     9.686E+00     1.224E+01     6.609E+00     2.897E+01
   1.178E+03     9.468E-02     1.581E-01     2.292E-01     1.047E+00     9.686E+00     1.224E+01     6.609E+00     2.897E+01
   1.179E+03     9.556E-02     1.755E-01     2.329E-01     8.643E-01     9.686E+00     1.224E+01     6.609E+00     2.897E+01
   1.180E+03     9.255E-02     1.688E-01     2.471E-01     1.016E+00     9.686E+00     1.224E+01     6.609E+00     2.897E+01
   1.180E+03     9.402E-02     1.683E-01     2.483E-01     9.013E-01     9.686E+00     1.224E+01     6.609E+00     2.897E+01
   1.178E+03     9.151E-02     1.755E-01     2.502E-01     1.188E+00     9.686E+00     1.224E+01     6.609E+00     2.897E+01
   1.180E+03     9.233E-02     1.730E-01     2.361E-01     8.132E-01     9.686E+00     1.224E+01     6.609E+00     2.897E+01
   1.179E+03     9.048E-02     1.621E-01     2.397E-01     9.710E-01     9.686E+00     1.224E+01     6.609E+00     2.897E+01
   1.180E+03     9.518E-02     1.672E-01     2.178E-01     9.281E-01     9.686E+00     1.224E+01     6.609E+00     2.897E+01
   1.180E+03     9.054E-02     1.696E-01     2.307E-01     9.476E-01     9.686E+00     1.224E+01     6.609E+00     2.897E+01
   1.180E+03     9.363E-02     1.733E-01     2.213E-01     1.043E+00     9.686E+00     1.224E+01     6.609E+00     2.897E+01
   1.180E+03     9.020E-02     1.674E-01     2.136E-01     9.350E-01     9.686E+00     1.224E+01     6.609E+00     2.897E+01
   1.180E+03     9.493E-02     1.774E-01     2.213E-01     9.211E-01     9.686E+00     1.224E+01     6.609E+00     2.897E+01
   1.178E+03     9.369E-02     1.713E-01     2.285E-01     7.165E-01     9.686E+00     1.224E+01     6.609E+00     2.897E+01
   1.177E+03     9.134E-02     1.775E-01     2.663E-01     9.947E-01     9.686E+00     1.224E+01     6.609E+00     2.897E+01
   1.179E+03     9.664E-02     1.734E-01     2.178E-01     9.828E-01     9.686E+00     1.224E+01     6.609E+00     2.897E+01
   1.181E+03     9.215E-02     1.671E-01     2.322E-01     1.057E+00     9.686E+00     1.224E+01     6.609E+00     2.897E+01
   1.173E+03     9.354E-02     1.671E-01     2.612E-01     9.198E-01     9.693E+00     1.245E+01     6.568E+00     3.090E+01
   1.175E+03     9.700E-02     1.719E-01     2.525E-01     1.176E+00     9.766E+00     1.201E+01     6.598E+00     2.868E+01
   1.179E+03     9.547E-02     1.690E-01     2.265E-01     8.635E-01     9.766E+00     1.201E+01     6.598E+00     2.868E+01
   1.179E+03     9.619E-02     1.700E-01     2.365E-01     9.327E-01     9.766E+00     1.201E+01     6.598E+00     2.868E+01
   1.179E+03     9.607E-02     1.719E-01     2.172E-01     1.017E+00     9.766E+00     1.201E+01     6.598E+00     2.868E+01
   1.178E+03     9.504E-02     1.627E-01     2.247E-01     1.121E+00     9.766E+00     1.201E+01     6.598E+00     2.868E+01
   1.180E+03     9.407E-02     1.721E-01     2.340E-01     9.164E-01     9.766E+00     1.201E+01     6.598E+00     2.868E+01
   1.179E+03     9.078E-02     1.634E-01     2.367E-01     8.434E-01     9.766E+00     1.201E+01     6.598E+00     2.868E+01
   1.174E+03     9.245E-02     1.607E-01     2.610E-01     8.539E-01     9.829E+00     1.197E+01     6.626E+00     2.867E+01
   1.176E+03     9.442E-02     1.585E-01     2.183E-01     8.802E-01     9.829E+00     1.197E+01     6.626E+00     2.867E+01
   1.174E+03     9.285E-02     1.604E-01     2.538E-01     8.260E-01     9.829E+00     1.197E+01     6.626E+00     2.867E+01
   1.173E+03     8.859E-02     1.612E-01     2.299E-01     1.102E+00     9.829E+00     1.197E+01     6.626E+00     2.867E+01
   1.095E+03     9.715E-02     1.689E-01     2.184E-01     8.282E-01     1.090E+01     1.334E+01     6.644E+00     2.843E+01
   1.093E+03     1.009E-01     1.874E-01     2.524E-01     8.385E-01     1.090E+01     1.334E+01     6.644E+00     2.843E+01
   1.101E+03     9.502E-02     1.853E-01     2.397E-01     8.787E-01     1.072E+01     1.351E+01     6.256E+00     3.168E+01
   1.100E+03     9.834E-02     1.703E-01     1.887E-01     9.334E-01     1.072E+01     1.351E+01     6.256E+00     3.168E+01
   1.105E+03     9.570E-02     1.769E-01     2.278E-01     9.957E-01     1.077E+01     1.332E+01     6.325E+00     2.999E+01
   1.105E+03     9.822E-02     1.766E-01     2.141E-01     9.335E-01     1.077E+01     1.332E+01     6.325E+00     2.999E+01
   1.105E+03     9.711E-02     1.819E-01     2.059E-01     8.908E-01     1.071E+01     1.345E+01     6.244E+00     3.173E+01
   1.113E+03     9.522E-02     1.826E-01     2.289E-01     1.048E+00     1.066E+01     1.317E+01     6.280E+00     3.030E+01
   1.114E+03     9.769E-02     1.777E-01     2.141E-01     9.470E-01     1.066E+01     1.317E+01     6.280E+00     3.030E+01
   1.113E+03     9.735E-02     1.830E-01     2.169E-01     9.814E-01     1.066E+01     1.317E+01     6.280E+00     3.030E+01
   1.113E+03     9.732E-02     1.705E-01     2.234E-01     1.075E+00     1.066E+01     1.317E+01     6.280E+00     3.030E+01
   1.112E+03     9.835E-02     1.757E-01     2.495E-01     1.038E+00     1.066E+01     1.317E+01     6.280E+00     3.030E+01
   1.111E+03     1.013E-01     1.696E-01     1.938E-01     9.340E-01     1.062E+01     1.319E+01     6.249E+00     3.066E+01
   1.114E+03     9.664E-02     1.682E-01     2.338E-01     9.498E-01     1.062E+01     1.319E+01     6.249E+00     3.066E+01
   1.122E+03     9.712E-02     1.810E-01     2.088E-01     8.424E-01     1.064E+01     1.266E+01     6.535E+00     2.542E+01
   1.151E+03     9.788E-02     1.722E-01     2.370E-01     9.916E-01     1.005E+01     1.224E+01     6.999E+00     3.193E+01
   1.152E+03     9.291E-02     1.713E-01     2.329E-01     9.354E-01     1.005E+01     1.224E+01     6.999E+00     3.193E+01
   1.147E+03     9.009E-02     1.801E-01     2.144E-01     9.141E-01     1.005E+01     1.224E+01     6.999E+00     3.193E+01
   1.156E+03     9.201E-02     1.754E-01     2.122E-01     1.079E+00     9.989E+00     1.215E+01     6.914E+00     3.111E+01
   1.157E+03     9.548E-02     1.746E-01     2.365E-01     8.861E-01     1.002E+01     1.205E+01     6.905E+00     3.180E+01
   1.157E+03     9.668E-02     1.752E-01     2.238E-01     9.827E-01     1.002E+01     1.205E+01     6.905E+00     3.180E+01
   1.158E+03     9.447E-02     1.722E-01     2.154E-01     1.013E+00     1.002E+01     1.205E+01     6.905E+00     3.180E+01
   1.160E+03     9.655E-02     1.732E-01     2.283E-01     9.075E-01     9.978E+00     1.206E+01     6.830E+00     3.175E+01
   1.158E+03     9.890E-02     1.619E-01     2.409E-01     1.045E+00     9.978E+00     1.206E+01     6.830E+00     3.175E+01
   1.158E+03     9.705E-02     1.635E-01     2.598E-01     1.126E+00     9.978E+00     1.206E+01     6.830E+00     3.175E+01
   1.162E+03     9.438E-02     1.699E-01     2.374E-01     9.546E-01     9.968E+00     1.210E+01     6.729E+00     3.244E+01
   1.166E+03     9.381E-02     1.640E-01     2.185E-01     8.176E-01     9.914E+00     1.204E+01     6.718E+00     3.072E+01
   1.166E+03     9.650E-02     1.742E-01     2.196E-01     9.956E-01     9.914E+00     1.204E+01     6.718E+00     3.072E+01
   1.166E+03     9.234E-02     1.716E-01     2.482E-01     1.047E+00     9.914E+00     1.204E+01     6.718E+00     3.072E+01
   1.166E+03     9.568E-02     1.708E-01     2.378E-01     1.088E+00     9.914E+00     1.204E+01     6.718E+00     3.072E+01
   1.166E+03     9.560E-02     1.623E-01     2.234E-01     9.399E-01     9.914E+00     1.204E+01     6.718E+00     3.072E+01
   1.165E+03     9.239E-02     1.707E-01     2.332E-01     7.876E-01     9.914E+00     1.204E+01     6.718E+00     3.072E+01
   1.166E+03     9.626E-02     1.757E-01     2.213E-01     1.048E+00     9.914E+00     1.204E+01     6.718E+00     3.072E+01
   1.167E+03     9.666E-02     1.677E-01     2.314E-01     8.999E-01     9.919E+00     1.201E+01     6.707E+00     3.048E+01
   1.166E+03     9.629E-02     1.710E-01     2.223E-01     1.100E+00     9.928E+00     1.205E+01     6.715E+00     2.964E+01
   1.164E+03     9.778E-02     1.616E-01     2.472E-01     1.101E+00     9.928E+00     1.205E+01     6.715E+00     2.964E+01
   1.167E+03     9.430E-02     1.679E-01     2.244E-01     1.099E+00     9.928E+00     1.205E+01     6.715E+00     2.964E+01
   1.165E+03     9.541E-02     1.758E-01     2.483E-01     1.007E+00     9.928E+00     1.205E+01     6.715E+00     2.964E+01
   1.164E+03     9.637E-02     1.640E-01     2.695E-01     9.937E-01     9.912E+00     1.207E+01     6.609E+00     2.993E+01
   1.166E+03     9.493E-02     1.586E-01     2.178E-01     1.165E+00     9.912E+00     1.207E+01     6.609E+00     2.993E+01
   1.169E+03     9.510E-02     1.700E-01     2.286E-01     9.773E-01     9.915E+00     1.202E+01     6.669E+00     3.025E+01
   1.168E+03     9.605E-02     1.714E-01     2.308E-01     9.716E-01     9.915E+00     1.202E+01     6.669E+00     3.025E+01
   1.169E+03     9.427E-02     1.688E-01     2.183E-01     9.721E-01     9.915E+00     1.202E+01     6.669E+00     3.025E+01
   1.166E+03     9.358E-02     1.635E-01     2.622E-01     9.895E-01     9.915E+00     1.202E+01     6.669E+00     3.025E+01
   1.166E+03     9.751E-02     1.622E-01     2.469E-01     8.787E-01     9.915E+00     1.202E+01     6.669E+00     3.025E+01
   1.168E+03     9.247E-02     1.655E-01     2.099E-01     9.952E-01     9.967E+00     1.193E+01     6.693E+00     2.825E+01
   1.167E+03     9.694E-02     1.650E-01     2.233E-01     8.193E-01     9.967E+00     1.193E+01     6.693E+00     2.825E+01
   1.168E+03     9.543E-02     1.721E-01     2.431E-01     8.666E-01     9.967E+00     1.193E+01     6.693E+00     2.825E+01
   1.168E+03     9.362E-02     1.634E-01     2.385E-01     1.069E+00     9.967E+00     1.193E+01     6.693E+00     2.825E+01
   1.167E+03     9.542E-02     1.586E-01     2.364E-01     9.597E-01     9.967E+00     1.193E+01     6.693E+00     2.825E+01
   1.167E+03     9.518E-02     1.683E-01     2.438E-01     1.016E+00     9.990E+00     1.196E+01     6.663E+00     2.789E+01
   1.168E+03     9.612E-02     1.740E-01     2.214E-01     1.040E+00     9.900E+00     1.202E+01     6.643E+00     2.991E+01
   1.169E+03     9.198E-02     1.635E-01     2.303E-01     9.649E-01     9.900E+00     1.202E+01     6.643E+00     2.991E+01
   1.168E+03     9.581E-02     1.738E-01     2.065E-01     9.139E-01     9.903E+00     1.197E+01     6.702E+00     2.995E+01
   1.169E+03     9.526E-02     1.710E-01     2.146E-01     8.528E-01     9.903E+00     1.197E+01     6.702E+00     2.995E+01
   1.173E+03     9.357E-02     1.670E-01     2.317E-01     8.507E-01     9.875E+00     1.200E+01     6.616E+00     2.930E+01
   1.170E+03     9.698E-02     1.624E-01     2.339E-01     7.793E-01     9.875E+00     1.200E+01     6.616E+00     2.930E+01
   1.174E+03     9.347E-02     1.728E-01     2.151E-01     9.493E-01     9.820E+00     1.208E+01     6.609E+00     3.030E+01
   1.173E+03     9.407E-02     1.621E-01     2.542E-01     8.727E-01     9.833E+00     1.200E+01     6.646E+00     2.914E+01
   1.173E+03     9.529E-02     1.685E-01     2.495E-01     8.157E-01     9.833E+00     1.200E+01     6.646E+00     2.914E+01
   1.173E+03     9.185E-02     1.716E-01     2.343E-01     7.577E-01     9.833E+00     1.200E+01     6.646E+00     2.914E+01
   1.174E+03     9.120E-02     1.726E-01     2.230E-01     9.373E-01     9.833E+00     1.200E+01     6.646E+00     2.914E+01
   1.174E+03     9.235E-02     1.675E-01     2.098E-01     9.735E-01     9.833E+00     1.200E+01     6.646E+00     2.914E+01
   1.174E+03     9.318E-02     1.668E-01     2.489E-01     9.281E-01     9.845E+00     1.201E+01     6.661E+00     2.833E+01
   1.177E+03     9.423E-02     1.752E-01     2.204E-01     8.689E-01     9.762E+00     1.203E+01     6.636E+00     3.010E+01
   1.177E+03     9.542E-02     1.652E-01     2.144E-01     9.192E-01     9.762E+00     1.203E+01     6.636E+00     3.010E+01
   1.176E+03     9.658E-02     1.625E-01     2.353E-01     1.004E+00     9.762E+00     1.203E+01     6.636E+00     3.010E+01
   1.175E+03     9.630E-02     1.668E-01     2.514E-01     9.409E-01     9.771E+00     1.201E+01     6.637E+00     3.057E+01
   1.177E+03     9.474E-02     1.658E-01     2.217E-01     1.003E+00     9.771E+00     1.201E+01     6.637E+00     3.057E+01
   1.174E+03     9.489E-02     1.739E-01     2.081E-01     8.742E-01     9.827E+00     1.190E+01     6.730E+00     2.879E+01
   1.176E+03     9.350E-02     1.625E-01     2.215E-01     9.385E-01     9.827E+00     1.190E+01     6.730E+00     2.879E+01
   1.173E+03     9.825E-02     1.668E-01     2.097E-01     1.019E+00     9.827E+00     1.190E+01     6.730E+00     2.879E+01
   1.169E+03     9.760E-02     1.745E-01     2.425E-01     1.000E+00     9.853E+00     1.195E+01     6.729E+00     3.152E+01
   1.171E+03     9.411E-02     1.638E-01     2.453E-01     1.045E+00     9.853E+00     1.195E+01     6.729E+00     3.152E+01
   1.169E+03     8.983E-02     1.670E-01     2.110E-01     1.054E+00     9.853E+00     1.195E+01     6.729E+00     3.152E+01
   1.172E+03     9.319E-02     1.750E-01     2.314E-01     1.022E+00     9.852E+00     1.193E+01     6.773E+00     3.116E+01
   1.171E+03     9.316E-02     1.577E-01     2.079E-01     1.047E+00     9.871E+00     1.184E+01     6.838E+00     2.935E+01
   1.172E+03     9.634E-02     1.617E-01     2.370E-01     9.423E-01     9.871E+00     1.184E+01     6.838E+00     2.935E+01
   1.173E+03     9.509E-02     1.707E-01     2.200E-01     8.503E-01     9.868E+00     1.186E+01     6.823E+00     2.897E+01
   1.172E+03     9.446E-02     1.631E-01     2.018E-01     9.339E-01     9.852E+00     1.185E+01     6.844E+00     2.917E+01
   1.172E+03     9.629E-02     1.609E-01     2.399E-01     8.152E-01     9.852E+00     1.185E+01     6.844E+00     2.917E+01
   1.173E+03     9.746E-02     1.644E-01     2.358E-01     9.214E-01     9.852E+00     1.185E+01     6.844E+00     2.917E+01
   1.173E+03     9.122E-02     1.748E-01     2.287E-01     9.636E-01     9.852E+00     1.185E+01     6.844E+00     2.917E+01
   1.174E+03     9.381E-02     1.695E-01     2.447E-01     9.969E-01     9.852E+00     1.185E+01     6.844E+00     2.917E+01
   1.173E+03     9.421E-02     1.636E-01     2.102E-01     8.562E-01     9.852E+00     1.185E+01     6.844E+00     2.917E+01
   1.173E+03     9.615E-02     1.708E-01     2.133E-01     9.921E-01     9.852E+00     1.185E+01     6.844E+00     2.917E+01
   1.173E+03     9.534E-02     1.665E-01     2.154E-01     8.156E-01     9.852E+00     1.185E+01     6.844E+00     2.917E+01
   1.175E+03     9.138E-02     1.693E-01     2.164E-01     8.909E-01     9.827E+00     1.190E+01     6.830E+00     2.874E+01
   1.175E+03     9.664E-02     1.680E-01     2.379E-01     9.214E-01     9.827E+00     1.190E+01     6.830E+00     2.874E+01
   1.174E+03     9.457E-02     1.776E-01     2.300E-01     8.543E-01     9.821E+00     1.196E+01     6.738E+00     2.905E+01
   1.173E+03     9.610E-02     1.581E-01     2.270E-01     1.187E+00     9.821E+00     1.196E+01     6.738E+00     2.905E+01
   1.174E+03     9.735E-02     1.699E-01     2.301E-01     9.732E-01     9.821E+00     1.196E+01     6.738E+00     2.905E+01
   1.173E+03     9.539E-02     1.593E-01     2.458E-01     8.987E-01     9.879E+00     1.186E+01     6.748E+00     2.844E+01
   1.171E+03     9.712E-02     1.741E-01     2.093E-01     1.006E+00     9.879E+00     1.186E+01     6.748E+00     2.844E+01
   1.171E+03     9.361E-02     1.612E-01     2.719E-01     1.000E+00     9.879E+00     1.186E+01     6.748E+00     2.844E+01
   1.173E+03     9.237E-02     1.659E-01     2.345E-01     8.666E-01     9.878E+00     1.187E+01     6.755E+00     2.912E+01
   1.172E+03     9.773E-02     1.705E-01     2.345E-01     1.003E+00     9.878E+00     1.187E+01     6.755E+00     2.912E+01
   1.173E+03     9.643E-02     1.656E-01     2.201E-01     9.058E-01     9.886E+00     1.185E+01     6.775E+00     2.846E+01
   1.174E+03     9.559E-02     1.678E-01     2.266E-01     8.906E-01     9.877E+00     1.185E+01     6.796E+00     2.880E+01
   1.170E+03     9.823E-02     1.786E-01     2.250E-01     9.101E-01     9.877E+00     1.185E+01     6.796E+00     2.880E+01
   1.177E+03     9.322E-02     1.716E-01     2.281E-01     1.074E+00     9.829E+00     1.197E+01     6.626E+00     2.867E+01
   1.177E+03     9.553E-02     1.715E-01     2.249E-01     9.591E-01     9.829E+00     1.197E+01     6.626E+00     2.867E+01
   1.176E+03     9.593E-02     1.576E-01     2.306E-01     8.941E-01     9.763E+00     1.208E+01     6.567E+00     2.901E+01
   1.178E+03     9.587E-02     1.635E-01     2.218E-01     9.008E-01     9.763E+00     1.208E+01     6.567E+00     2.901E+01
   1.178E+03     9.135E-02     1.642E-01     2.455E-01     8.397E-01     9.763E+00     1.208E+01     6.567E+00     2.901E+01
   1.176E+03     9.348E-02     1.600E-01     2.014E-01     8.961E-01     9.763E+00     1.208E+01     6.567E+00     2.901E+01
   1.175E+03     9.883E-02     1.622E-01     2.498E-01     8.440E-01     9.752E+00     1.203E+01     6.601E+00     2.820E+01
   1.177E+03     9.505E-02     1.717E-01     2.340E-01     8.767E-01     9.825E+00     1.199E+01     6.625E+00     2.760E+01
   1.179E+03     9.633E-02     1.714E-01     2.371E-01     9.931E-01     9.732E+00     1.208E+01     6.570E+00     2.955E+01
   1.180E+03     9.228E-02     1.711E-01     2.270E-01     8.283E-01     9.732E+00     1.208E+01     6.570E+00     2.955E+01
   1.178E+03     9.730E-02     1.657E-01     2.316E-01     9.158E-01     9.758E+00     1.204E+01     6.606E+00     2.853E+01
   1.176E+03     9.668E-02     1.702E-01     2.492E-01     8.626E-01     9.763E+00     1.207E+01     6.583E+00     2.917E+01
   1.176E+03     9.194E-02     1.771E-01     2.422E-01     7.839E-01     9.763E+00     1.207E+01     6.583E+00     2.917E+01
   1.178E+03     9.372E-02     1.645E-01     2.051E-01     9.531E-01     9.763E+00     1.207E+01     6.583E+00     2.917E+01
   1.179E+03     9.435E-02     1.659E-01     2.181E-01     8.873E-01     9.763E+00     1.207E+01     6.583E+00     2.917E+01
   1.177E+03     9.559E-02     1.641E-01     2.286E-01     7.872E-01     9.763E+00     1.207E+01     6.583E+00     2.917E+01
   1.179E+03     9.221E-02     1.731E-01     2.328E-01     8.911E-01     9.763E+00     1.207E+01     6.583E+00     2.917E+01
   1.177E+03     9.748E-02     1.660E-01     2.206E-01     1.014E+00     9.763E+00     1.207E+01     6.583E+00     2.917E+01
   1.176E+03     9.035E-02     1.786E-01     2.122E-01     9.097E-01     9.763E+00     1.205E+01     6.569E+00     3.010E+01
   1.177E+03     9.545E-02     1.767E-01     2.335E-01     9.925E-01     9.763E+00     1.205E+01     6.569E+00     3.010E+01
   1.177E+03     9.551E-02     1.610E-01     2.254E-01     1.062E+00     9.763E+00     1.205E+01     6.569E+00     3.010E+01
   1.177E+03     9.304E-02     1.640E-01     2.427E-01     1.136E+00     9.754E+00     1.205E+01     6.567E+00     3.088E+01
   1.173E+03     9.680E-02     1.699E-01     2.546E-01     7.622E-01     9.754E+00     1.205E+01     6.567E+00     3.088E+01
   1.170E+03     9.188E-02     1.604E-01     2.426E-01     1.669E+00     9.754E+00     1.205E+01     6.567E+00     3.088E+01
   1.175E+03     9.392E-02     1.805E-01     2.301E-01     8.073E-01     9.754E+00     1.205E+01     6.567E+00     3.088E+01
   1.176E+03     9.448E-02     1.661E-01     2.559E-01     9.488E-01     9.808E+00     1.200E+01     6.589E+00     2.873E+01
   1.172E+03     9.882E-02     1.602E-01     2.473E-01     8.500E-01     9.808E+00     1.200E+01     6.589E+00     2.873E+01
   1.170E+03     9.610E-02     1.762E-01     2.254E-01     6.533E-01     9.808E+00     1.200E+01     6.589E+00     2.873E+01
   1.177E+03     9.473E-02     1.768E-01     2.432E-01     9.949E-01     9.767E+00     1.205E+01     6.553E+00     3.005E+01
   1.181E+03     9.332E-02     1.702E-01     2.334E-01     8.740E-01     9.711E+00     1.205E+01     6.561E+00     3.020E+01
   1.180E+03     9.542E-02     1.694E-01     2.202E-01     9.096E-01     9.711E+00     1.205E+01     6.561E+00     3.020E+01
   1.181E+03     9.380E-02     1.681E-01     2.393E-01     9.704E-01     9.711E+00     1.205E+01     6.561E+00     3.020E+01
   1.180E+03     9.036E-02     1.720E-01     2.198E-01     9.064E-01     9.711E+00     1.205E+01     6.561E+00     3.020E+01
   1.175E+03     9.645E-02     1.851E-01     2.420E-01     8.636E-01     9.711E+00     1.205E+01     6.561E+00     3.020E+01
   1.180E+03     9.363E-02     1.619E-01     2.091E-01     9.136E-01     9.711E+00     1.205E+01     6.561E+00     3.020E+01
   1.174E+03     9.936E-02     1.581E-01     2.331E-01     8.983E-01     9.711E+00     1.205E+01     6.561E+00     3.020E+01
   1.178E+03     9.206E-02     1.709E-01     2.428E-01     7.912E-01     9.744E+00     1.202E+01     6.582E+00     2.952E+01
   1.179E+03     9.536E-02     1.691E-01     2.415E-01     8.828E-01     9.744E+00     1.202E+01     6.582E+00     2.952E+01
   1.180E+03     9.262E-02     1.674E-01     2.204E-01     9.295E-01     9.744E+00     1.202E+01     6.582E+00     2.952E+01
   1.179E+03     9.048E-02     1.649E-01     2.427E-01     8.714E-01     9.744E+00     1.202E+01     6.582E+00     2.952E+01
   1.180E+03     9.375E-02     1.694E-01     2.279E-01     9.099E-01     9.744E+00     1.202E+01     6.582E+00     2.952E+01
   1.178E+03     8.932E-02     1.684E-01     2.245E-01     8.682E-01     9.744E+00     1.202E+01     6.582E+00     2.952E+01
   1.178E+03     9.692E-02     1.637E-01     2.192E-01     8.418E-01     9.744E+00     1.202E+01     6.582E+00     2.952E+01
   1.180E+03     9.276E-02     1.681E-01     2.285E-01     1.076E+00     9.744E+00     1.202E+01     6.582E+00     2.952E+01
   1.179E+03     9.398E-02     1.744E-01     2.385E-01     9.765E-01     9.744E+00     1.202E+01     6.582E+00     2.952E+01
   1.177E+03     8.855E-02     1.729E-01     2.232E-01     8.938E-01     9.744E+00     1.202E+01     6.582E+00     2.952E+01
   1.179E+03     9.520E-02     1.666E-01     2.270E-01     8.657E-01     9.744E+00     1.202E+01     6.582E+00     2.952E+01
   1.179E+03     9.494E-02     1.656E-01     2.371E-01     8.511E-01     9.744E+00     1.202E+01     6.582E+00     2.952E+01
   1.176E+03     9.302E-02     1.715E-01     2.198E-01     7.822E-01     9.795E+00     1.202E+01     6.582E+00     2.923E+01
   1.178E+03     9.135E-02     1.648E-01     2.300E-01     9.616E-01     9.794E+00     1.199E+01     6.597E+00     2.856E+01
   1.178E+03     9.445E-02     1.632E-01     2.326E-01     1.116E+00     9.794E+00     1.199E+01     6.597E+00     2.856E+01
   1.177E+03     9.282E-02     1.725E-01     2.048E-01     7.743E-01     9.732E+00     1.209E+01     6.527E+00     2.974E+01
   1.177E+03     9.064E-02     1.812E-01     2.320E-01     1.016E+00     9.732E+00     1.209E+01     6.527E+00     2.974E+01
   1.177E+03     9.171E-02     1.643E-01     2.171E-01     7.362E-01     9.732E+00     1.209E+01     6.527E+00     2.974E+01
   1.177E+03     9.454E-02     1.635E-01     2.248E-01     1.333E+00     9.732E+00     1.209E+01     6.527E+00     2.974E+01
   1.179E+03     9.256E-02     1.602E-01     2.410E-01     8.773E-01     9.682E+00     1.219E+01     6.494E+00     3.041E+01
   1.180E+03     9.328E-02     1.746E-01     2.427E-01     1.044E+00     9.682E+00     1.219E+01     6.494E+00     3.041E+01
   1.179E+03     8.952E-02     1.769E-01     2.272E-01     9.183E-01     9.682E+00     1.219E+01     6.494E+00     3.041E+01
   1.176E+03     9.279E-02     1.788E-01     1.989E-01     1.320E+00     9.682E+00     1.219E+01     6.494E+00     3.041E+01
   1.178E+03     9.415E-02     1.670E-01     2.247E-01     7.411E-01     9.682E+00     1.219E+01     6.494E+00     3.041E+01
   1.180E+03     9.499E-02     1.690E-01     2.067E-01     9.653E-01     9.682E+00     1.219E+01     6.494E+00     3.041E+01
   1.178E+03     9.116E-02     1.746E-01     1.974E-01     1.011E+00     9.682E+00     1.219E+01     6.494E+00     3.041E+01
   1.179E+03     9.434E-02     1.721E-01     2.396E-01     9.657E-01     9.732E+00     1.216E+01     6.545E+00     2.865E+01
   1.178E+03     9.662E-02     1.732E-01     2.300E-01     8.915E-01     9.732E+00     1.216E+01     6.545E+00     2.865E+01
   1.180E+03     9.386E-02     1.706E-01     2.363E-01     9.472E-01     9.732E+00     1.216E+01     6.545E+00     2.865E+01
   1.178E+03     9.177E-02     1.585E-01     2.248E-01     9.040E-01     9.732E+00     1.216E+01     6.545E+00     2.865E+01
   1.179E+03     9.476E-02     1.723E-01     2.144E-01     9.609E-01     9.732E+00     1.216E+01     6.545E+00     2.865E+01
   1.178E+03     9.478E-02     1.681E-01     2.186E-01     7.876E-01     9.732E+00     1.216E+01     6.545E+00     2.865E+01
   1.178E+03     9.360E-02     1.774E-01     2.100E-01     9.167E-01     9.732E+00     1.216E+01     6.545E+00     2.865E+01
   1.180E+03     9.137E-02     1.656E-01     2.248E-01     9.432E-01     9.689E+00     1.222E+01     6.508E+00     3.049E+01
   1.176E+03     9.478E-02     1.603E-01     2.553E-01     1.202E+00     9.689E+00     1.222E+01     6.508E+00     3.049E+01
   1.180E+03     9.433E-02     1.734E-01     2.222E-01     1.072E+00     9.689E+00     1.222E+01     6.508E+00     3.049E+01
   1.179E+03     9.375E-02     1.710E-01     2.304E-01     1.163E+00     9.689E+00     1.222E+01     6.508E+00     3.049E+01
   1.178E+03     9.593E-02     1.636E-01     2.313E-01     9.160E-01     9.689E+00     1.222E+01     6.508E+00     3.049E+01
   1.181E+03     9.265E-02     1.677E-01     2.246E-01     1.006E+00     9.723E+00     1.213E+01     6.618E+00     2.805E+01
   1.183E+03     9.333E-02     1.620E-01     2.337E-01     1.037E+00     9.671E+00     1.209E+01     6.577E+00     2.924E+01
   1.182E+03     9.384E-02     1.647E-01     2.316E-01     1.178E+00     9.671E+00     1.209E+01     6.577E+00     2.924E+01
   1.183E+03     9.505E-02     1.654E-01     2.357E-01     1.063E+00     9.671E+00     1.209E+01     6.577E+00     2.924E+01
   1.183E+03     9.338E-02     1.651E-01     2.092E-01     9.643E-01     9.671E+00     1.209E+01     6.577E+00     2.924E+01
   1.183E+03     9.349E-02     1.646E-01     2.145E-01     1.017E+00     9.671E+00     1.209E+01     6.577E+00     2.924E+01
   1.182E+03     9.297E-02     1.658E-01     2.220E-01     7.590E-01     9.671E+00     1.209E+01     6.577E+00     2.924E+01
   1.179E+03     9.468E-02     1.686E-01     1.933E-01     8.535E-01     9.671E+00     1.209E+01     6.577E+00     2.924E+01
   1.182E+03     9.546E-02     1.653E-01     2.192E-01     8.499E-01     9.671E+00     1.209E+01     6.577E+00     2.924E+01
   1.178E+03     9.345E-02     1.684E-01     2.815E-01     8.735E-01     9.671E+00     1.209E+01     6.577E+00     2.924E+01
   1.182E+03     9.617E-02     1.741E-01     2.300E-01     9.133E-01     9.671E+00     1.209E+01     6.577E+00     2.924E+01
   1.184E+03     9.144E-02     1.660E-01     2.208E-01     9.076E-01     9.671E+00     1.209E+01     6.577E+00     2.924E+01
   1.183E+03     9.466E-02     1.753E-01     2.231E-01     9.451E-01     9.671E+00     1.209E+01     6.577E+00     2.924E+01
   1.181E+03     9.012E-02     1.670E-01     2.269E-01     7.650E-01     9.671E+00     1.209E+01     6.577E+00     2.924E+01
   1.181E+03     9.676E-02     1.726E-01     2.230E-01     8.368E-01     9.671E+00     1.209E+01     6.577E+00     2.924E+01
   1.183E+03     9.103E-02     1.707E-01     2.437E-01     1.013E+00     9.671E+00     1.209E+01     6.577E+00     2.924E+01
   1.183E+03     9.398E-02     1.656E-01     2.180E-01     8.206E-01     9.671E+00     1.209E+01     6.577E+00     2.924E+01
   1.182E+03     9.393E-02     1.682E-01     2.330E-01     8.898E-01     9.717E+00     1.204E+01     6.569E+00     2.886E+01
   1.182E+03     9.497E-02     1.666E-01     2.266E-01     8.404E-01     9.717E+00     1.204E+01     6.569E+00     2.886E+01
   1.182E+03     9.433E-02     1.687E-01     2.449E-01     9.123E-01     9.717E+00     1.204E+01     6.569E+00     2.886E+01
   1.181E+03     9.526E-02     1.673E-01     2.144E-01     1.028E+00     9.717E+00     1.204E+01     6.569E+00     2.886E+01
   1.177E+03     9.953E-02     1.731E-01     2.252E-01     9.658E-01     9.717E+00     1.204E+01     6.569E+00     2.886E+01
   1.181E+03     9.333E-02     1.737E-01     2.308E-01     8.048E-01     9.717E+00     1.204E+01     6.569E+00     2.886E+01
   1.182E+03     9.340E-02     1.651E-01     2.274E-01     9.353E-01     9.717E+00     1.204E+01     6.569E+00     2.886E+01
   1.180E+03     9.427E-02     1.736E-01     2.146E-01     8.434E-01     9.754E+00     1.200E+01     6.623E+00     2.801E+01
   1.179E+03     9.364E-02     1.722E-01     2.334E-01     1.273E+00     9.754E+00     1.200E+01     6.623E+00     2.801E+01
