"DOY" "Depth" "DIP"
178 0 0.0565
178 10 0.0485
178 19.7 0.0475
178 29.6 0.0495
178 49.4 0.062
178 75.1 0.1125
178 99.3 0.2435
178 124 0.2675
178 147.9 0.293
178 174.2 0.2925
178 200 0.301
179 0 0.086
179 4 0.06
179 11.7 0.0605
179 26.8 0.0565
179 32.9 0.0575
179 39.8 0.062
179 48.1 0.0675
179 52.9 0.068
179 57.6 0.078
179 66.2 0.1185
179 76.2 0.2265
179 90.5 0.229
179 107.5 0.262
179 150 0.282
179 175.4 0.2625
179 200 0.289
179 224.6 0.2895
182 0 0.07
182 7.2 0.059
182 17.7 0.057
182 31.1 0.052
182 36.2 0.055
182 43.1 0.0585
182 50 0.0705
182 55.8 0.104
182 59.9 0.1115
182 74.1 0.194
182 84.7 0.22
182 99.9 0.2475
182 120.1 0.272
182 150.2 0.278
182 174.8 0.2745
182 200 0.2795
182 225.9 0.2855
182 248.9 0.2995
182 6.6 0.058
182 20 0.068
182 29.4 0.077
182 39.6 0.077
182 59.3 0.104
182 84.8 0.209
182 99.7 0.243
182 149.4 0.319
182 200 0.286
184 6.1 0.07
184 9.7 0.067
184 19.7 0.0645
184 40.1 0.0715
184 59.3 0.0805
184 79.6 0.0895
184 86.1 0.1385
184 99.3 0.2135
184 119.5 0.2515
184 139 0.2795
184 159 0.32
184 178.9 0.3345
184 200 0.3135
184 247.5 0.4045
205 0 0.0895
205 10 0.0425
205 20.6 0.0505
205 30.2 0.047
205 49.6 0.041
205 74.6 0.1695
205 99.9 0.2305
205 124.3 0.251
205 149.4 0.2785
205 173.9 0.275
205 200 0.245
205 248.7 0.292
205 0 0.0965
205 6.5 0.0375
205 19.7 0.0415
205 24.7 0.0505
205 41.4 0.045
205 47.7 0.051
205 59.4 0.0435
205 70.1 0.057
205 78 0.0765
205 85.5 0.099
205 94.4 0.1535
205 105.6 0.1955
205 124.9 0.236
205 139.9 0.2485
205 175.3 0.248
205 200 0.2625
205 225 0.2755
208 0 0.07
208 6.2 0.0565
208 15.3 0.039
208 20.7 0.044
208 36.5 0.0435
208 44.6 0.044
208 56 0.045
208 65.7 0.0595
208 70.5 0.069
208 80.7 0.0885
208 85.5 0.11
208 100.8 0.1435
208 130.4 0.209
208 150.2 0.225
208 175.8 0.2885
208 200 0.25
208 225.9 0.306
211 6.4 0.043
211 10.2 0.037
211 20.1 0.045
211 40.5 0.043
211 60.7 0.047
211 79.9 0.071
211 99.9 0.2255
211 119.9 0.231
211 139.5 0.237
211 159.9 0.255
211 179.2 0.266
211 200 0.293
211 248.8 0.334
211 6.4 0.043
211 10.3 0.047
211 20.4 0.04
211 40 0.045
211 60.1 0.052
211 79.8 0.195
211 99.7 0.099
211 119.8 0.187
211 139.7 0.235
211 159.3 0.267
211 179.1 0.279
211 200 0.287
211 249 0.302
211 6.5 0.045
211 10.4 0.041
211 20.4 0.05
211 40.3 0.039
211 60.3 0.044
211 79.8 0.062
211 99.5 0.147
211 119.9 0.206
211 139.2 0.231
211 159.3 0.265
211 179.6 0.325
211 200 0.33
211 249.8 0.294
211 6.6 0.05
211 10.4 0.05
211 20.6 0.04
211 40 0.04
211 59.7 0.04
211 80.3 0.06
211 99.4 0.15
211 119.6 0.2
211 139.4 0.23
211 159.6 0.25
211 179.4 0.27
211 200 0.28
211 248 0.3
212 6.8 0.05
212 10.7 0.04
212 20.6 0.06
212 40.4 0.05
212 60.2 0.08
212 79.9 0.07
212 99.8 0.15
212 120 0.21
212 139.7 0.23
212 159.4 0.25
212 179.3 0.26
212 200 0.29
212 248.4 0.27
118 0 0.0615
118 5 0.0555
118 9.7 0.0605
118 20.2 0.0565
118 25.2 0.0605
118 30 0.062
118 34.7 0.062
118 39.5 0.0775
118 55.3 0.0695
118 69.1 0.0915
118 84.8 0.1365
118 100.9 0.271
118 125 0.2225
118 150.7 0.262
118 174.6 0.328
118 200 0.412
118 224.8 0.487
118 250 0.5865
119 0 0.0465
119 9.9 0.0295
119 19.9 0.034
119 30 0.035
119 49.6 0.0545
119 74.4 0.124
119 98.5 0.184
119 123.1 0.2035
119 148.6 0.169
119 173.6 0.188
119 200 0.186
120 0 0.065
120 4.6 0.0595
120 9.5 0.0595
120 19.5 0.0595
120 24.5 0.0575
120 29.6 0.063
120 34.2 0.0695
120 40.2 0.0685
120 45 0.1005
120 54.8 0.12
120 74.7 0.2065
120 100 0.17
120 124.5 0.226
120 149.9 0.2525
120 174.8 0.267
120 200 0.29
120 224.5 0.346
120 249.7 0.3885
44 0 0.1005
44 9.7 0.0675
44 20.2 0.0825
44 30.4 0.0925
44 49.9 0.096
44 74.5 0.1165
44 98.6 0.1185
44 124.1 0.16
44 149.9 0.143
44 174.2 0.157
44 200 0.1975
44 248.7 0.4365
45 0 0.111
45 5.7 0.0885
45 15.3 0.09
45 25.2 0.077
45 34.4 0.0795
45 45.2 0.0845
45 49.8 0.0995
45 60.2 0.102
45 75.5 0.109
45 80.2 0.11
45 90.2 0.114
45 99.5 0.134
45 124.7 0.1445
45 150.2 0.157
45 175.5 0.1755
45 200 0.239
45 225.6 0.3805
48 0 0.0895
48 5.5 0.0745
48 15.1 0.068
48 20.7 0.0725
48 30.9 0.076
48 40 0.077
48 54.9 0.071
48 60.1 0.061
48 70.3 0.0635
48 84.5 0.0655
48 89.8 0.072
48 100.9 0.078
48 125.4 0.125
48 150.3 0.167
48 175.8 0.186
48 200 0.302
48 225.1 0.413
310 0 0.1055
310 4.4 0.039
310 10.1 0.0445
310 24.4 0.046
310 49.6 0.0485
310 74.7 0.0885
310 99.4 0.271
310 123.8 0.26
310 149.6 0.358
310 173.5 0.301
310 200 0.3
310 247 0.435
311 0 0.3035
311 9.6 0.034
311 19.7 0.036
311 29.8 0.0395
311 39.9 0.0335
311 50.4 0.034
311 65 0.0385
311 75.7 0.0455
311 91 0.083
311 95.5 0.0995
311 105.8 0.114
311 105.9 0.1295
311 125.3 0.1805
311 150.4 0.2705
311 175.4 0.287
311 200 0.288
311 226 0.31
313 0 0.055
313 5.7 0.0465
313 10 0.046
313 19.6 0.038
313 34.5 0.0395
313 40.2 0.043
313 54.4 0.0425
313 65.3 0.0375
313 70 0.0375
313 79.8 0.0515
313 94.9 0.0495
313 110.1 0.097
313 125.4 0.1545
313 149.8 0.26
313 174.4 0.326
313 200 0.3425
313 225.6 0.447
313 249.6 0.4705
31 0 0.0435
31 9.6 0.0395
31 20.1 0.037
31 29.8 0.0395
31 50 0.055
31 74.8 0.077
31 99.1 0.0875
31 124 0.087
31 148.3 0.183
31 173.8 0.2485
31 200 0.277
31 248.5 0.3615
31 0 0.0845
31 4.8 0.065
31 15.1 0.069
31 24.7 0.067
31 34.7 0.059
31 45 0.0635
31 49.9 0.0695
31 64.2 0.0775
31 69.8 0.0805
31 80.1 0.0875
31 90.4 0.088
31 100.1 0.0855
31 125 0.138
31 150.3 0.226
31 174.9 0.2635
31 200 0.3055
31 224.7 0.3325
31 249.9 0.395
33 0 0.0475
33 5 0.019
33 14.7 0.014
33 19.7 0.037
33 30.4 0.0085
33 39.3 0.002
33 50.5 0.016
33 60.4 0.0275
33 70.3 0.035
33 85.4 0.0455
33 91.2 0.0615
33 99 0.054
33 124 0.0545
33 150.9 0.0745
33 175.4 0.2115
33 200 0.245
33 226.4 0.256
33 250 0.2785
39 0 0.1195
39 5.6 0.087
39 15.6 0.0985
39 19.7 0.1005
39 30.9 0.078
39 40.7 0.0785
39 50.3 0.0855
39 59.7 0.085
39 70.4 0.0805
39 84.4 0.122
39 89.8 0.1215
39 100.4 0.2305
39 125.9 0.2405
39 149.9 0.2835
39 175.1 0.3
39 200 0.326
39 225.2 0.369
40 0 0.16
40 5.1 0.096
40 10.4 0.0895
40 19.9 0.098
40 30.3 0.098
40 39.9 0.0965
40 49.9 0.0945
40 60.5 0.0955
40 70.2 0.096
40 80.9 0.101
40 89.5 0.0935
40 100.3 0.0995
40 125.3 0.1005
40 150.3 0.114
40 175 0.25
40 200 0.296
40 224.3 0.3495
41 0 0.111
41 9.9 0.106
41 20 0.0845
41 30.1 0.078
41 49 0.0795
41 74.3 0.076
41 99 0.081
41 124.4 0.073
41 148.5 0.094
41 173.8 0.1465
41 200 0.273
41 248.3 0.3495
41 0 0.0985
41 5.7 0.0825
41 10.1 0.0645
41 20.2 0.076
41 34.8 0.0815
41 40 0.085
41 50 0.091
41 60.1 0.0875
41 70.8 0.1245
41 80 0.1805
41 94.9 0.2415
41 100.9 0.2325
41 125.3 0.285
41 150.3 0.308
41 175 0.3175
41 200 0.3285
41 225.6 0.3565
258 0 0.04
258 12 0.01
258 52 0.02
258 77 0.05
258 77 0.05
258 102 0.13
258 126 0.16
258 149 0.21
258 200 0.23
258 250 0.24
52 0 0.11
52 10 0.1
52 26 0.1
52 51 0.09
52 77 0.1
52 100 0.12
52 127 0.16
52 150 0.17
52 200 0.36
52 249 0.48
52 249 0.5
347 0 0.04
347 12 0.02
347 27 0.02
347 52 0.03
347 78 0.03
347 103 0.08
347 127 0.21
347 152 0.27
347 200 0.3
341 100 0.03
341 126 0.09
341 152 0.07
341 200 0.2
278 127 0.03
278 153 0.09
278 200 0.24
343 0 0.05
343 12 0.04
343 27 0.03
343 52 0.03
343 76 0.04
343 102 0.08
343 127 0.17
343 151 0.23
343 200 0.27
191 0 0.03
191 11 0.02
191 26 0.02
191 51 0.04
191 77 0.06
191 102 0.22
191 127 0.26
191 150 0.27
191 200 0.29
119 0 0.05
119 11 0.03
119 26 0.03
119 50 0.1
119 75 0.16
119 101 0.17
119 126 0.17
119 150 0.18
119 200 0.17
119 250 0.18
195 0 0.0535
195 10.1 0.0245
195 20.2 0.0225
195 29.8 0.023
195 49.6 0.0225
195 74.8 0.0315
195 99.3 0.041
195 123.8 0.0715
195 149.3 0.109
195 174.1 0.1275
195 200 0.1395
195 249.1 0.1535
195 0 0.046
195 7.9 0.0275
195 21 0.026
195 34.8 0.035
195 39.9 0.035
195 45.2 0.036
195 55.1 0.039
195 60.4 0.0405
195 64.8 0.0405
195 71 0.0435
195 81.2 0.0515
195 99.9 0.097
195 125 0.1235
195 150.9 0.0805
195 175.4 0.1125
195 200 0.17
195 224.5 0.1645
197 0 0.0815
197 6.3 0.025
197 10.7 0.0255
197 19.9 0.025
197 40.2 0.0265
197 59.7 0.034
197 79.5 0.043
197 99.6 0.0735
197 120.3 0.108
197 139.4 0.1205
197 159.8 0.129
197 179.7 0.137
197 200 0.14
197 248.2 0.158
71 0 0.08
71 11 0.08
71 26 0.07
71 50 0.07
71 76 0.13
71 101 0.16
71 125 0.17
71 149 0.17
71 200 0.17
71 250 0.18
119 0 0.04
119 12 0.02
119 27 0.02
119 52 0.02
119 77 0.06
119 102 0.15
119 124 0.17
119 151 0.18
119 200 0.2
104 4 0.05
104 24 0.04
104 50 0.06
104 73 0.08
104 99 0.16
104 148 0.2
104 200 0.19
104 248 0.21
15 1.25 0.063705581240356
15 5 0.057223211042583
15 10 0.0531851379200816
15 15 0.0583021705970168
15 20 0.0564874280244112
15 25 0.0588660771027207
15 30 0.0578866647556424
15 35 0.0567743601277471
15 40 0.0565897719934583
15 45 0.0561025338247418
15 50 0.0585557883605361
15 55 0.0580508671700954
15 60 0.0587696861475706
15 65 0.0542225418612361
15 70 0.0578340832144022
15 75 0.059952400624752
15 80 0.0658404305577278
15 85 0.0653066830709577
15 90 0.0664904704317451
15 95 0.0683421418070793
15 105 0.0710570709779859
15 125 0.0824788026511669
15 150 0.111226838082075
15 175 0.172589048743248
15 200 0.212031070142984
15 225 0.256377913057804
15 250 0.272661797702312
45 1.25 0.109963428229094
45 5 0.101684432476759
45 10 0.094801302999258
45 15 0.0971787367016077
45 20 0.0986522231251001
45 25 0.0980988200753927
45 30 0.100999105721712
45 35 0.105051660910249
45 40 0.105562346056104
45 45 0.10521543957293
45 50 0.109460325911641
45 55 0.106650060042739
45 60 0.105301616713405
45 65 0.105586824938655
45 70 0.1069076359272
45 75 0.10773779079318
45 80 0.107506943866611
45 85 0.105378180742264
45 90 0.106338554993272
45 95 0.106520663946867
45 105 0.109466329216957
45 125 0.139711853116751
45 150 0.151424050331116
45 175 0.191421944648027
45 200 0.237516921013594
45 225 0.357602782547474
45 250 0.297518506646156
75 1.25 0.134127508848906
75 5 0.124594325199723
75 10 0.120234569534659
75 15 0.121143745258451
75 20 0.12248931452632
75 25 0.123802572488785
75 30 0.126102110370994
75 35 0.127783894538879
75 40 0.128085847944021
75 45 0.127823770046234
75 50 0.127523822709918
75 55 0.119096867740154
75 60 0.11821261048317
75 65 0.118953287601471
75 70 0.115649478510022
75 75 0.112219974398613
75 80 0.114674411714077
75 85 0.114600628614426
75 90 0.115599513053894
75 95 0.118051812052727
75 105 0.125521780923009
75 125 0.124673265963793
75 150 0.147418309003115
75 175 0.147531967610121
75 200 0.208812158554792
75 225 0.224548749625683
75 250 0.278957694768906
105 1.25 0.0428469832986593
105 5 0.037540721707046
105 10 0.0340882083401084
105 15 0.0332525232806802
105 20 0.0332995601929724
105 25 0.0343936635181308
105 30 0.0366222346201539
105 35 0.0407751495949924
105 40 0.0445681251585484
105 45 0.0475174393504858
105 50 0.0496507445350289
105 55 0.0691447434946895
105 60 0.069918479770422
105 65 0.0722121316939592
105 70 0.0740154460072517
105 75 0.0739021133631468
105 80 0.0788243543356657
105 85 0.0836296603083611
105 90 0.0882035903632641
105 95 0.0946347527205944
105 105 0.0954223889857531
105 125 0.122050469741225
105 150 0.132283423095942
105 175 0.150970064103603
105 200 0.186578176915646
105 225 0.220301572233438
105 250 0.244821552187204
135 1.25 0.111197747290134
135 5 0.074694287031889
135 10 0.108938643708825
135 15 0.109260572120547
135 20 0.11020116508007
135 25 0.111194452270865
135 30 0.111857524141669
135 35 0.113319961354136
135 40 0.113337369635701
135 45 0.114334192126989
135 50 0.119050040841103
135 55 0.0734017081558704
135 60 0.0823716800659895
135 65 0.0885547213256359
135 70 0.100946279242635
135 75 0.104323234409094
135 80 0.110194934532046
135 85 0.115878919139504
135 90 0.111381229013205
135 95 0.123202944174409
135 105 0.125929825007915
135 125 0.141809053719044
135 150 0.1603061594069
135 175 0.182809665799141
135 200 0.213171906769276
135 225 0.252338286489248
135 250 0.279724068939686
165 1.25 0.0509905377402902
165 5 0.0561690265312791
165 10 0.0431906245648861
165 15 0.042794213630259
165 20 0.0454290825873613
165 25 0.0480195190757513
165 30 0.0498359194025397
165 35 0.0510161416605115
165 40 0.0516994306817651
165 45 0.0530893327668309
165 50 0.0531031740829349
165 55 0.0456490740180016
165 60 0.0501568159088492
165 65 0.0551454788073897
165 70 0.0604437487199903
165 75 0.066499400883913
165 80 0.0740602416917682
165 85 0.0832110289484262
165 90 0.0921887028962374
165 95 0.103205278515816
165 105 0.114789033308625
165 125 0.144165765494108
165 150 0.178704380989075
165 175 0.213141746819019
165 200 0.23919378593564
165 225 0.270001757889986
165 250 0.299000382423401
195 1.25 0.0746907768771052
195 5 0.066610112786293
195 10 0.0605627186596394
195 15 0.0556933293119073
195 20 0.0545697612687945
195 25 0.0534333717077971
195 30 0.0549764335155487
195 35 0.0536897517740726
195 40 0.0529986703768373
195 45 0.0508352471515536
195 50 0.051274792291224
195 55 0.0564248133450747
195 60 0.0610712599009275
195 65 0.0667725540697575
195 70 0.0713513372465968
195 75 0.0686148386448622
195 80 0.0732481405138969
195 85 0.0774157904088497
195 90 0.0875692740082741
195 95 0.108563985675573
195 105 0.115180253982544
195 125 0.145657386630774
195 150 0.178697258234024
195 175 0.217150002717972
195 200 0.238477043807507
195 225 0.275937706232071
195 250 0.300267718732357
225 1.25 0.0830135326832533
225 5 0.0833823643624783
225 10 0.0740318149328232
225 15 0.0739540662616491
225 20 0.0746837984770536
225 25 0.0802162773907185
225 30 0.0824152063578367
225 35 0.078798521310091
225 40 0.0748844612389803
225 45 0.0718655679374933
225 50 0.0716686006635427
225 55 0.074855936691165
225 60 0.0814918112009764
225 65 0.0869886390864849
225 70 0.0920465812087059
225 75 0.0980434268712997
225 80 0.104296645149589
225 85 0.119099777191877
225 90 0.132919996976852
225 95 0.143771830946207
225 105 0.144187953323126
225 125 0.181768372654915
225 150 0.220304656773806
225 175 0.235389739274979
225 200 0.229543637484312
225 225 0.251067940145731
225 250 0.29753827303648
255 1.25 0.114182189106941
255 5 0.118640499189496
255 10 0.114344876259565
255 15 0.101028127595782
255 20 0.0954663660377264
255 25 0.0940412469208241
255 30 0.0903117284178734
255 35 0.0877100192010403
255 40 0.0877733193337917
255 45 0.0933881942182779
255 50 0.0993964876979589
255 55 0.102988345548511
255 60 0.124577729031444
255 65 0.143537607043982
255 70 0.158873587846756
255 75 0.170349847525358
255 80 0.191416434943676
255 85 0.210890054702759
255 90 0.23417280241847
255 95 0.245482977479696
255 105 0.27137266099453
255 125 0.355549156665802
255 150 0.340957209467888
255 175 0.326276309788227
255 200 0.266198232769966
255 225 0.331203132867813
255 250 0.359253086149693
285 1.25 0.0531570753082633
285 5 0.05313990265131
285 10 0.0467719295993447
285 15 0.0489275604486465
285 20 0.0490162586793303
285 25 0.0505251996219158
285 30 0.0533499401062727
285 35 0.0584430228918791
285 40 0.0641737449914217
285 45 0.0687368214130402
285 50 0.073421586304903
285 55 0.0746324099600315
285 60 0.0801264857873321
285 65 0.0857335217297077
285 70 0.0915568321943283
285 75 0.0889631602913141
285 80 0.0992598440498114
285 85 0.109192486852407
285 90 0.114847354590893
285 95 0.132386593148112
285 105 0.140022756531835
285 125 0.195428598672152
285 150 0.250034417957067
285 175 0.257174968719482
285 200 0.300194934010506
285 225 0.298927806317806
285 250 0.335168085992336
315 1.25 0.0471928892657161
315 5 0.0498022502288222
315 10 0.0493514891713858
315 15 0.0427507194690406
315 20 0.0740182353183627
315 25 0.0810207528993487
315 30 0.0861865151673555
315 35 0.0884303785860538
315 40 0.0879639945924282
315 45 0.087623992934823
315 50 0.0836619716137648
315 55 0.0790771152824163
315 60 0.0848623588681221
315 65 0.0874808449298143
315 70 0.0915678776800632
315 75 0.086433220654726
315 80 0.0972326155751944
315 85 0.110667511820793
315 90 0.12342843785882
315 95 0.139522274956107
315 105 0.132203636690974
315 125 0.163209360092878
315 150 0.211401615291834
315 175 0.223339892923832
315 200 0.264237374067307
315 225 0.25330226123333
315 250 0.267055578529835
345 1.25 0.147083481773734
345 5 0.120982630178332
345 10 0.144244443625212
345 15 0.149376591667533
345 20 0.140950530767441
345 25 0.132832186296582
345 30 0.134062182158232
345 35 0.123248644173145
345 40 0.111749161034822
345 45 0.101269453763962
345 50 0.100193940103054
345 55 0.101621786132455
345 60 0.10995770804584
345 65 0.114209951832891
345 70 0.109840581193566
345 75 0.115142680704594
345 80 0.130024926736951
345 85 0.141680411994457
345 90 0.153076441958547
345 95 0.169467508792877
345 105 0.161284599453211
345 125 0.114524910226464
345 150 0.245515119284391
345 175 0.0676943473517895
345 200 0.431751221418381
345 225 0.407739453017712
345 250 0.200946729630232
