"DOY" "Depth" "PON"
50 5 0.255
50 42 0.18
50 71.8 0.242
50 100.2 0.227
50 126.4 0.12
50 148.4 0.113
50 177.6 0.061
50 247.7 0.032
139 1.3 0.272
139 20.8 0.3
139 40.9 0.293
139 73.5 0.223
139 98.2 0.272
139 125.2 0.209
139 149.8 0.098
139 174.6 0.077
200 7.6 0.293
200 27.8 0.301
200 47.4 0.326
200 76.2 0.218
200 105 0.236
200 129.8 0.205
200 154.2 0.073
200 180.7 0.084
231 6.1 0.317
231 26.3 0.348
231 46.9 0.31
231 77.2 0.284
231 103.2 0.264
231 130.1 0.219
231 156.9 0.122
231 183.6 0.097
263 78 0.398
263 104.1 0.237
263 155.7 0.174
263 181 0.091
293 25.1 0.363
293 45.3 0.314
293 75.7 0.251
293 101.3 0.314
293 128.2 0.209
293 155.6 0.105
293 183.2 0.119
19 4.9 0.181
19 25.5 0.204
19 25.4 0.175
19 25.6 0.203
19 46.1 0.216
19 75.6 0.192
19 102.1 0.109
19 102 0.096
19 126.7 0.084
19 154 0.069
19 179.5 0.061
50 6.4 0.258
50 25.6 0.251
50 45.9 0.272
50 76.1 0.279
50 125.9 0.153
50 153.3 0.084
50 178.8 0.049
78 4.7 0.286
78 24.6 0.279
78 44.2 0.286
78 73.7 0.3
78 104.3 0.272
78 128.9 0.153
78 152.2 0.132
78 176 0.119
109 6.4 0.3
109 6.3 0.307
110 6.3 0.314
110 31.1 0.307
110 31 0.314
110 45.6 0.293
110 75.7 0.23
110 101.5 0.216
110 143.2 0.174
110 152.8 0.153
110 177.2 0.132
139 8.2 0.321
139 28 0.37
139 48.8 0.335
139 79.6 0.321
139 105.3 0.3
139 130.7 0.167
139 155.6 0.119
139 181.6 0.098
170 11.5 0.3
170 27.3 0.314
170 47.4 0.342
170 78.1 0.307
170 104 0.237
170 129.4 0.258
170 154.7 0.153
170 180.2 0.112
200 6 0.384
200 27 0.37
200 46.3 0.349
200 102.3 0.293
200 130.5 0.153
200 154.7 0.139
200 185.6 0.098
353 6.6 0.237
353 28.5 0.244
353 45.7 0.237
353 76.5 0.237
353 102 0.206
353 128.3 0.139
353 154.1 0.098
353 177.3 0.042
50 6.9 0.209
50 26.6 0.188
50 26.6 0.181
50 46.5 0.195
50 76.2 0.188
50 105.7 0.167
50 105.7 0.174
50 129.7 0.132
50 157.4 0.077
50 179.3 0.07
78 14.9 0.279
78 30.8 0.265
78 48 0.23
78 77.9 0.244
78 106.7 0.23
78 127.4 0.23
78 155.2 0.132
78 175.6 0.07
109 7.6 0.279
109 28.8 0.286
109 47.9 0.3
109 77.3 0.265
109 101.6 0.293
109 111.4 0.286
109 118.7 0.251
109 129.2 0.237
109 156 0.119
109 182.4 0.112
109 13 0.3
109 13.1 0.272
109 13.1 0.279
109 12.9 0.265
140 79 0.411
140 105.2 0.335
140 129.9 0.314
140 156.7 0.139
140 182.4 0.119
140 182.4 0.119
171 26.2 0.265
171 48.5 0.272
171 78.5 0.453
171 103.3 0.209
171 119.1 0.272
171 128.7 0.098
171 140.9 0.105
171 155.2 0.105
171 182.3 0.091
170 130.6 0.418
200 6.1 0.425
200 27.1 0.481
200 49.1 0.453
200 78.1 0.453
200 106.1 0.272
200 128.9 0.328
200 155.4 0.216
200 181.5 0.174
231 8.3 0.265
231 24 0.37
231 44.6 0.286
231 62.7 0.404
231 80.1 0.314
231 102.6 0.153
231 144.4 0.139
231 156 0.042
231 179.6 0.091
262 27 0.397
292 6.7 0.265
292 26.2 0.335
292 46.2 0.244
292 76.9 0.307
292 101.5 0.293
292 122 0.23
292 127.1 0.23
292 150.8 0.119
292 175.9 0.119
353 6.8 0.286
353 151.1 0.146
353 176.2 0.07
50 27.2 0.307
50 47.4 0.22
50 78.1 0.181
50 83.5 0.188
50 124.3 0.028
50 134.2 0.042
50 154.6 0.112
50 184.8 0.105
170 8.6 0.202
170 28.5 0.234
170 47.5 0.223
170 77.4 0.223
170 103.7 0.185
170 129 0.216
170 154.4 0.091
201 25.5 0.293
201 25.6 0.279
201 73.2 0.39
201 101.1 0.307
201 124.5 0.216
201 129.4 0.286
201 134.3 0.195
201 140.2 0.139
201 150.3 0.132
201 177.2 0.091
201 248.8 0.077
200 50.9 0.397
200 50.8 0.537
200 50.7 0.376
200 135.8 0.195
200 135.8 0.153
200 135.8 0.167
231 29.6 0.377
231 49.1 0.411
231 79.3 0.349
231 104.4 0.363
231 128.6 0.192
231 155.4 0.125
231 179.6 0.098
19 4.3 0.279
19 25 0.314
19 45.1 0.307
19 72.6 0.321
19 99.8 0.268
19 120.6 0.244
19 145.5 0.146
19 177.2 0.098
19 239.7 0.091
50 6.8 0.356
50 24.6 0.366
50 44.8 0.397
50 60.3 0.39
50 65 0.418
50 71 0.383
50 75 0.356
50 80.3 0.216
50 95.2 0.188
50 100.5 0.178
50 105.4 0.181
50 125.2 0.139
50 150.6 0.084
50 169.9 0.077
109 5.5 0.39
109 28.6 0.383
109 28 0.37
109 44.8 0.342
109 74.6 0.335
109 89.7 0.342
109 99.8 0.397
109 99.8 0.39
109 109 0.411
109 126 0.314
109 140.5 0.3
109 148.2 0.188
109 174.1 0.146
109 243.2 0.16
140 7.2 0.3
140 27.5 0.307
140 48.2 0.237
140 48.2 0.286
140 78.7 0.3
140 78.8 0.293
140 103.8 0.307
140 121.3 0.265
140 174.8 0.119
140 212.6 0.112
262 7 0.3
262 25.5 0.314
262 25.2 0.314
262 47 0.314
262 76.8 0.342
262 98.7 0.3
262 98.8 0.335
262 122.5 0.244
262 149.4 0.167
262 177.4 0.077
292 7.3 0.662
292 27.4 0.383
292 50.1 0.523
292 55.9 0.383
292 74 0.432
292 90.6 0.439
292 100.4 0.363
292 104.8 0.641
292 109.5 0.432
292 113.9 0.453
292 125.2 0.593
292 150.8 0.167
292 174.5 0.167
19 6.9 0.23
19 12.6 0.237
19 27.6 0.223
19 46.4 0.244
19 62.8 0.216
19 72.9 0.223
19 84.9 0.084
19 99.3 0.237
19 116.2 0.16
19 175.9 0.091
19 246.6 0.063
19 6.8 0.258
19 25.5 0.3
19 53.4 0.237
19 76.9 0.251
19 101.1 0.153
19 101.8 0.091
19 101.9 0.167
19 127.1 0.125
19 150.6 0.258
19 173.7 0.084
50 5.5 0.307
50 25.2 0.314
50 44.8 0.293
50 69.8 0.272
50 74.8 0.293
50 100.1 0.254
50 126.3 0.227
50 149.8 0.202
50 176.1 0.105
78 5.6 0.272
78 25.4 0.279
78 45.6 0.272
78 75.3 0.314
78 100.6 0.279
78 126.2 0.258
78 140.8 0.244
78 147.1 0.209
78 175.7 0.146
170 25.5 0.265
170 46.3 0.268
170 49.2 0.3
170 75 0.307
170 113.9 0.279
170 132.9 0.3
170 150.5 0.146
170 175.8 0.112
170 249.5 0.091
200 4.8 0.335
200 25.3 0.303
200 46 0.39
200 75.2 0.335
200 90.3 0.342
200 100.5 0.321
200 110.7 0.314
200 125.6 0.286
200 150.7 0.098
200 174.5 0.132
231 4.7 0.711
231 25.2 0.345
231 44.5 0.349
231 75.2 0.425
231 94.2 0.376
231 100.4 0.321
231 104.7 0.328
231 109.7 0.321
231 114.8 0.265
231 125 0.237
231 149.8 0.174
231 174.8 0.132
231 249.6 0.091
231 5.5 0.321
231 24.7 0.363
231 45.4 0.286
231 76.1 0.328
231 101.5 0.3
231 125.6 0.265
231 151.1 0.174
231 178.5 0.146
262 5.5 0.314
262 24.7 0.324
262 45.6 0.335
262 75.1 0.328
262 99.5 0.286
262 109.9 0.3
262 114.5 0.307
262 119.6 0.314
262 125 0.286
262 129.6 0.237
262 150.5 0.146
262 175.5 0.119
292 5 0.272
292 25.6 0.289
292 45.2 0.272
292 75.3 0.3
292 100.1 0.303
292 105.2 0.286
292 109.3 0.265
292 115.9 0.251
292 120.2 0.258
292 125.1 0.23
292 149.8 0.112
292 174.9 0.098
323 5.6 0.223
323 25.4 0.195
323 45.3 0.293
323 76.2 0.293
323 93.8 0.237
323 110.8 0.22
323 127.6 0.16
323 152.9 0.105
323 183 0.084
79 4.8 0.216
79 25.2 0.206
79 46 0.23
79 74.9 0.202
79 102.9 0.209
79 127.3 0.132
79 147.1 0.105
79 173.8 0.077
79 25 0.272
79 45.4 0.23
79 249.6 0.035
109 5.3 0.698
109 24.7 0.6
109 45.1 0.432
109 75.3 0.391
109 99.4 0.411
109 109.5 0.349
109 124.9 0.335
109 140.1 0.258
109 149.9 0.223
109 159.9 0.153
109 175.4 0.139
139 4.7 0.328
139 25 0.289
139 44.9 0.307
139 100.9 0.289
139 125.6 0.181
139 159.3 0.125
139 174.1 0.146
139 249.7 0.077
139 74.8 0.237
200 99.9 0.509
200 125.1 0.328
200 149.6 0.167
200 174.9 0.16
200 249.8 0.091
232 4.7 0.3
232 9.8 0.3
232 24.5 0.324
232 44.1 0.342
232 59.3 0.383
232 74.4 0.349
232 91.3 0.272
232 108.4 0.279
232 129.2 0.209
232 139.7 0.153
232 149.8 0.105
232 175.4 0.091
262 4.2 0.251
262 24.8 0.282
262 45.2 0.307
262 74 0.335
262 100 0.328
262 124.6 0.223
262 149.4 0.112
262 174.5 0.105
292 5.1 0.356
292 25 0.31
292 44.7 0.356
292 75.3 0.321
292 89.3 0.286
292 99.5 0.279
292 104.1 0.272
292 114.6 0.209
292 124.5 0.153
292 149.3 0.126
292 174.5 0.091
292 199.5 0.077
292 249.7 0.063
324 4.3 0.314
324 25.1 0.328
324 44.8 0.237
324 74.5 0.279
324 93.8 0.251
324 99.3 0.258
324 110.3 0.195
324 124.6 0.153
324 149.9 0.105
324 175.7 0.098
324 25.2 0.328
324 44.7 0.342
324 99.2 0.303
323 4.6 0.321
323 24.6 0.488
323 44.9 0.293
323 74.2 0.279
323 104.7 0.251
19 4.5 0.391
19 24 0.359
19 43.6 0.397
19 74.8 0.349
19 84.2 0.363
19 89.1 0.37
19 94.1 0.356
19 99.2 0.248
19 104.4 0.251
19 125.5 0.202
19 150 0.139
19 174.1 0.119
19 249.8 0.105
78 5.2 0.258
78 24.7 0.307
78 44.3 0.37
78 74.7 0.321
78 100.1 0.307
78 125.1 0.171
78 148.6 0.153
78 174.8 0.021
78 249.7 0.021
79 8.9 0.457
79 59.6 0.349
79 74.3 0.662
79 249.5 0.084
109 4.6 0.439
109 25 0.408
109 44.9 0.363
109 74.6 0.335
109 99.6 0.293
109 124.2 0.293
109 134.3 0.188
109 150.5 0.146
109 174.9 0.091
139 4.4 0.314
139 24.8 0.317
139 45 0.314
139 74.3 0.272
139 99.2 0.237
139 104.7 0.272
139 129.8 0.251
139 149.4 0.167
139 175.5 0.153
139 248.8 0.056
170 4.7 0.335
170 25.4 0.363
170 44.9 0.377
170 74.5 0.439
170 99.3 0.446
170 124.7 0.324
170 140.2 0.265
170 149.3 0.209
170 160.5 0.167
170 176.2 0.139
200 4.3 0.342
200 24.1 0.335
200 45.5 0.405
200 74.3 0.39
200 99.6 0.282
200 124.5 0.258
200 149.5 0.174
200 175.2 0.139
232 5 0.3
232 24.6 0.324
232 44.7 0.342
232 74.5 0.265
232 89.9 0.244
232 99.7 0.279
232 109.6 0.223
232 119.4 0.185
232 130.1 0.16
232 149.2 0.112
232 175 0.091
292 3.9 0.328
292 23.7 0.331
292 43.4 0.335
292 74.5 0.307
292 99.6 0.265
292 109.1 0.199
292 124 0.174
292 149.4 0.112
292 175 0.091
292 249 0.077
292 4.1 0.3
292 24.7 0.282
292 44.6 0.307
292 73.6 0.342
292 98.4 0.338
292 124.5 0.237
292 150.1 0.153
292 175.1 0.126
353 4.1 0.167
353 23.9 0.192
353 44.3 0.167
353 74.7 0.195
353 100 0.178
353 124.1 0.091
19 5 0.241
19 24.8 0.251
19 44.6 0.23
19 74.4 0.279
19 101.2 0.195
19 125.1 0.132
19 149.7 0.098
19 174 0.084
19 249.8 0.063
50 5.2 0.265
50 25.3 0.268
50 44.1 0.314
50 74.5 0.23
50 99.8 0.279
50 115.3 0.286
50 119.6 0.258
50 124.1 0.23
50 150.1 0.16
50 174.6 0.153
78 4.5 0.237
78 24.4 0.3
78 44.7 0.31
78 74.7 0.272
78 99.5 0.244
78 119.6 0.153
78 149.5 0.112
78 174.8 0.084
78 249.7 0.056
110 25.4 0.303
110 75.3 0.335
110 99.6 0.356
110 125.3 0.237
110 150.7 0.126
110 176.2 0.112
139 4.2 0.209
139 24.2 0.307
139 44.9 0.279
139 74.5 0.223
139 99.3 0.282
139 124.9 0.216
139 150.2 0.112
139 174.7 0.098
170 4.7 0.279
170 25 0.328
170 45 0.293
170 75 0.321
170 100 0.317
170 139.4 0.209
170 148.8 0.091
170 175.8 0.112
170 249.3 0.07
171 125.1 0.314
201 24.5 0.258
201 44.4 0.237
201 74.2 0.272
201 99.8 0.265
201 150 0.244
201 174.2 0.202
201 249.4 0.112
231 4.1 0.363
231 25.2 0.373
231 45.6 0.383
231 74.9 0.342
231 100.2 0.261
231 125.3 0.132
231 150.3 0.112
231 175.1 0.077
231 249.4 0.056
262 5 0.356
262 24.3 0.349
262 44 0.39
262 74.8 0.411
262 99.6 0.383
262 126.5 0.328
262 151.5 0.195
262 175 0.126
353 4.9 0.39
353 25.5 0.394
353 43.6 0.349
353 75.3 0.37
353 100.2 0.383
353 125.2 0.244
353 149.4 0.139
353 176 0.126
353 250 0.098
19 5.4 0.279
19 25 0.241
19 47.1 0.272
19 101 0.265
19 125.3 0.181
19 151.8 0.119
19 174.6 0.077
19 75.2 0.237
50 5.1 0.23
50 25.2 0.3
50 45.3 0.265
50 74.8 0.23
50 99.7 0.303
50 125.3 0.139
50 149.4 0.112
50 175.9 0.084
78 5.4 0.272
78 24.8 0.237
78 44.6 0.286
78 74.3 0.307
78 99.6 0.286
78 125.7 0.202
78 150.8 0.153
78 174.6 0.112
109 5.1 0.265
109 25.5 0.293
109 150 0.23
109 174.6 0.167
140 5.2 0.237
140 24.8 0.258
140 44.9 0.258
140 74.5 0.265
140 99.2 0.247
140 124.8 0.3
140 150.7 0.223
140 174.4 0.132
170 4.9 0.279
170 24.6 0.3
170 45 0.321
170 75.1 0.321
170 109.8 0.247
170 124.9 0.258
170 149.1 0.132
170 174.1 0.112
200 4.5 0.272
200 25.4 0.279
200 44.9 0.342
200 75.3 0.272
200 99.4 0.23
200 125.7 0.237
200 150.1 0.167
200 174.9 0.105
231 5.2 0.404
231 25.2 0.411
231 45.3 0.404
231 74.9 0.244
231 100.1 0.195
231 125.1 0.119
231 149.4 0.084
231 175.3 0.084
263 5.2 0.328
263 25.6 0.335
263 75.4 0.307
263 75.4 0.328
263 100.1 0.261
263 125.1 0.237
263 149.9 0.119
263 175.2 0.098
292 5.6 0.3
292 25.2 0.303
292 44.9 0.265
292 75.5 0.272
292 99.9 0.349
292 125.3 0.258
292 150.7 0.16
292 175.1 0.139
323 4.8 0.265
323 25.1 0.268
323 44.9 0.251
323 74.9 0.3
323 99.3 0.23
323 125.4 0.153
323 149.7 0.105
323 175.8 0.091
354 5.5 0.342
354 26.1 0.307
354 44.9 0.307
354 75.3 0.314
354 100.8 0.314
354 126.8 0.209
354 150.9 0.132
354 175.6 0.119
354 249.5 0.084
19 5.7 0.307
19 25.9 0.345
19 45.7 0.342
19 75.8 0.293
19 100.7 0.275
19 125.5 0.223
19 150.7 0.188
19 175.9 0.153
50 5.4 0.279
50 25.2 0.303
50 44.6 0.279
50 75.2 0.307
50 100.6 0.268
50 125.7 0.23
50 151.3 0.216
50 177.1 0.153
79 5.6 0.321
79 24.9 0.314
79 45.9 0.349
79 76.8 0.307
79 101.1 0.286
79 125.3 0.286
79 152.3 0.216
79 176 0.153
109 4.9 0.251
109 25.4 0.3
109 44.8 0.314
109 75.1 0.307
109 99.6 0.331
109 125.7 0.251
109 150.3 0.188
109 175 0.16
109 249.5 0.119
139 7.3 0.272
139 27 0.286
139 47.2 0.286
139 76.7 0.244
139 101.5 0.251
139 125.4 0.171
139 149.9 0.098
139 173.8 0.077
139 246.4 0.049
200 4.6 0.293
200 24.6 0.307
200 45.2 0.307
200 75.3 0.321
200 99.6 0.397
200 124.3 0.265
200 149.7 0.202
200 174.7 0.146
200 249.8 0.077
231 25 0.311
231 44.7 0.412
231 75 0.328
231 99.7 0.283
231 124.6 0.279
231 150.5 0.099
231 175.6 0.125
231 249.1 0.045
292 24.5 0.241
292 44.7 0.306
292 74.2 0.261
292 98.9 0.223
292 124.2 0.186
292 149.7 0.119
292 174.7 0.11
292 249.4 0.045
324 4.4 0.263
324 23.9 0.236
324 43.9 0.24
324 73.7 0.24
324 99.1 0.242
324 125.1 0.146
324 149.6 0.113
324 176.3 0.09
353 5.3 0.272
353 24.8 0.3
353 44.6 0.345
353 75.1 0.307
353 100.6 0.216
353 125.3 0.091
353 150.2 0.098
353 174.8 0.084
51 4.3 0.223
51 24.7 0.247
51 44.9 0.237
51 74.4 0.23
51 98.7 0.258
51 123.8 0.181
51 149.4 0.209
51 174.9 0.084
51 4.5 0.244
51 25.5 0.272
51 44.6 0.265
51 76.2 0.244
51 98.8 0.254
51 124.2 0.209
51 149.8 0.139
51 175.3 0.098
80 5.1 0.247
80 25 0.261
80 45.3 0.254
80 74 0.24
80 100.6 0.213
80 125.3 0.155
80 149 0.105
80 173.9 0.084
80 249.8 0.06
110 4.2 0.248
110 24.8 0.27
110 45.4 0.252
110 75.3 0.248
110 99.7 0.273
110 149.8 0.156
110 174.3 0.105
110 250 0.045
110 124.1 0.181
140 4.3 0.275
140 24.2 0.292
140 43.9 0.299
140 74.6 0.299
140 99.2 0.238
140 124.1 0.279
140 148.5 0.138
140 175.8 0.102
172 3.9 0.371
172 29.6 0.516
172 44 0.283
172 74 0.248
172 99.4 0.221
172 123.6 0.201
172 149.1 0.141
172 174.2 0.096
172 249.5 0.059
201 3.6 0.423
201 249.5 0.061
201 124.2 0.202
201 148.2 0.164
201 175.2 0.107
201 4.4 0.452
201 14.3 0.52
201 24.3 0.482
201 59.5 0.441
201 104.3 0.245
201 150.2 0.174
232 5.2 0.242
232 25.3 0.269
232 44.6 0.258
232 74.2 0.276
232 100 0.219
232 125 0.298
232 149.7 0.136
232 175.6 0.093
293 4.6 0.26
293 24.9 0.274
293 45.3 0.265
293 74.4 0.188
293 99.1 0.217
293 124.4 0.158
293 148.8 0.114
293 175.8 0.07
324 4.7 0.383
324 24.7 0.305
324 44.6 0.284
324 74.8 0.285
324 100.3 0.281
324 125.2 0.183
324 174.2 0.094
324 199.2 0.077
324 249.7 0.067
355 4.3 0.253
355 23.9 0.253
355 44.6 0.273
355 74.7 0.253
355 98.7 0.256
355 124.1 0.198
355 150.9 0.122
355 175.4 0.105
355 200.3 0.085
355 249.1 0.052
20 3.9 0.249
20 24 0.246
20 43.8 0.298
20 73.3 0.268
20 100.3 0.236
20 122.8 0.204
20 149.7 0.133
20 174.6 0.118
20 199 0.087
20 248.7 0.076
51 24.4 0.249
51 44.6 0.251
51 74 0.223
51 99 0.214
51 125.4 0.122
51 148.5 0.1
51 174.9 0.106
51 199.3 0.056
51 249.3 0.05
79 75.4 0.25
79 3.6 0.258
79 24.6 0.256
79 43.7 0.259
79 74.8 0.268
79 99.1 0.233
79 123.1 0.241
79 149 0.109
79 173.7 0.101
79 199.3 0.081
110 3.6 0.239
110 23.7 0.234
110 43.6 0.235
110 73.3 0.199
110 98.9 0.239
110 125.3 0.238
110 149.5 0.203
110 173.3 0.13
110 198 0.097
110 249.2 0.057
140 4.8 0.298
140 24.1 0.3
140 44.7 0.415
140 99.5 0.229
140 124.2 0.226
140 149.4 0.144
140 175.6 0.091
140 200.3 0.066
140 249.5 0.056
171 3.7 0.262
171 23.3 0.246
171 44.4 0.274
171 73.4 0.264
171 98.6 0.238
171 124.6 0.195
171 147.9 0.148
171 174 0.097
171 198.8 0.066
201 4 0.263
201 24.9 0.264
201 44 0.274
201 74.2 0.235
201 98.8 0.252
201 124.3 0.168
201 149.5 0.114
201 174.3 0.092
201 199.5 0.084
201 249 0.064
232 4.6 0.231
232 25.1 0.303
232 44.3 0.304
232 74.5 0.277
232 99.2 0.255
232 124 0.181
232 149.7 0.108
232 174.7 0.082
232 199.6 0.075
293 4.7 0.294
293 25.1 0.3
293 44.9 0.284
293 75.9 0.263
293 100 0.267
293 125.1 0.176
293 149.6 0.123
293 174.3 0.103
293 200.8 0.079
293 5 0.403
293 26.5 0.41
293 45.4 0.382
293 75.5 0.289
293 100.1 0.242
293 124.7 0.126
293 150.1 0.093
293 174.3 0.079
293 201.7 0.049
324 3.9 0.313
324 24.2 0.285
324 43.6 0.28
324 74.1 0.301
324 98.9 0.267
324 125.2 0.182
324 150.9 0.113
324 172.4 0.095
324 199.3 0.084
324 249.7 0.07
354 4.3 0.266
354 26.2 0.265
354 44.6 0.259
354 75.7 0.268
354 99.7 0.27
354 125.7 0.11
354 149.1 0.086
354 176.3 0.072
354 199.5 0.065
20 4.9 0.276
20 23.7 0.258
20 45 0.266
20 74.3 0.288
20 98.6 0.26
20 125.7 0.252
20 150.3 0.186
20 173.6 0.127
20 199 0.091
20 248.7 0.084
51 4.5 0.24
51 24.5 0.258
51 44.2 0.238
51 75.8 0.227
51 98.9 0.228
51 123.8 0.141
51 149.2 0.1
51 175.4 0.08
51 198.1 0.078
79 4.6 0.26
79 24.6 0.266
79 44.5 0.257
79 74.8 0.263
79 99.8 0.235
79 124.3 0.207
79 148.5 0.155
79 173.9 0.1
79 199.5 0.078
79 249.1 0.069
140 4.3 0.273
140 25.2 0.271
140 44.9 0.31
140 75.1 0.274
140 124.3 0.239
140 150.5 0.113
140 174.2 0.092
140 200.7 0.065
171 4.4 0.268
171 24 0.274
171 44.3 0.307
171 74 0.322
171 99.4 0.261
171 123.8 0.212
171 149.4 0.128
171 174.6 0.098
171 199.4 0.082
233 5 0.305
233 24.2 0.296
233 45.6 0.294
233 74.5 0.313
233 100.4 0.272
233 123 0.249
233 149.6 0.159
233 174.8 0.111
233 201.1 0.111
233 248 0.077
293 5.3 0.345
293 25.7 0.348
293 44.9 0.401
293 75.2 0.289
293 101 0.301
293 126.1 0.251
293 151.3 0.124
293 177 0.119
293 203.6 0.098
293 248 0.085
325 4.9 0.206
325 24.6 0.294
325 44.6 0.312
325 75.1 0.327
325 99.9 0.256
325 125.3 0.215
325 150 0.134
325 175.3 0.104
325 199.4 0.117
324 4 0.265
324 24.8 0.303
324 44.9 0.284
324 74.1 0.287
324 99.4 0.252
324 124.8 0.152
324 149.9 0.108
324 174.3 0.091
324 199.4 0.087
354 4.9 0.28
354 24.7 0.257
354 43.8 0.285
354 76.1 0.269
354 100.3 0.272
354 124.4 0.242
354 150.1 0.124
354 174.9 0.099
354 199.5 0.087
20 4.4 0.275
20 25 0.288
20 43.3 0.286
20 73.7 0.281
20 101 0.266
20 125.6 0.156
20 147.9 0.112
20 174.2 0.09
20 199.5 0.087
20 249.4 0.077
51 4.8 0.255
51 24 0.258
51 45 0.279
51 73.5 0.233
51 98.7 0.282
51 125.6 0.211
51 148.3 0.119
51 173.1 0.102
51 199 0.093
51 249.7 0.085
79 8.9 0.311
79 25.4 0.306
79 44.2 0.303
79 74.9 0.289
79 99.9 0.245
79 123.6 0.247
79 148.8 0.162
79 175.4 0.121
79 200.8 0.09
79 248.5 0.076
111 4.1 0.275
111 24.9 0.264
111 44.1 0.327
111 74.8 0.326
111 99.4 0.288
111 124.2 0.339
111 148.6 0.19
111 173.5 0.131
111 199 0.096
111 249.1 0.078
140 4.2 0.254
140 24.3 0.262
140 43.9 0.296
140 74.2 0.29
140 124.9 0.251
140 149.8 0.227
140 174.7 0.122
140 199.5 0.099
140 249.4 0.075
171 5 0.325
171 25 0.272
171 45 0.278
171 74.3 0.256
171 99.8 0.252
171 125.1 0.253
171 149.6 0.237
171 174.9 0.092
171 199.6 0.099
171 249.3 0.088
202 4.4 0.297
202 24.3 0.279
202 44.2 0.329
202 74.3 0.331
202 99.2 0.298
202 124.1 0.253
202 149.6 0.125
202 175.9 0.081
202 201.2 0.083
202 248.2 0.066
232 4.9 0.298
232 24.4 0.319
232 44.4 0.346
232 74.2 0.359
232 100.2 0.33
232 124.3 0.223
232 149.6 0.142
232 175 0.121
232 200.2 0.107
232 250 0.074
293 4.3 0.333
293 23.7 0.374
293 44.4 0.326
293 75 0.374
293 99.4 0.292
293 125.1 0.194
293 150.6 0.124
293 175.5 0.093
293 199.1 0.084
324 5.3 0.278
324 25.7 0.281
324 45.7 0.285
324 76.8 0.252
324 101.2 0.274
324 125.3 0.197
324 150.2 0.15
324 174.4 0.115
324 201.9 0.134
324 250 0.132
355 4.4 0.325
355 23.1 0.267
355 45 0.271
355 75 0.257
355 99 0.236
355 124.7 0.138
355 148.8 0.096
355 167.3 0.079
355 198.4 0.073
355 247.9 0.069
20 4.4 0.259
20 23.5 0.221
20 43.6 0.293
20 73.3 0.272
20 99.6 0.275
20 123.5 0.224
20 148.7 0.131
20 173.7 0.096
20 197.3 0.079
51 4 0.253
51 23.8 0.241
51 44.1 0.216
51 74.5 0.261
51 99.5 0.258
51 125 0.205
51 147.2 0.114
51 173.9 0.087
51 199.5 0.075
51 249.6 0.07
80 3.3 0.25
80 25.1 0.226
80 43.4 0.267
80 76 0.237
80 99.9 0.257
80 124.7 0.222
80 148.4 0.182
80 173.7 0.109
80 199.8 0.085
80 248.1 0.071
110 4.1 0.318
110 24.4 0.377
110 44.4 0.343
110 74.4 0.303
110 99.4 0.332
110 124.5 0.297
110 148.7 0.245
110 174.6 0.143
110 198.7 0.135
140 4.1 0.374
140 23.9 0.429
140 43.7 0.378
140 73.9 0.364
140 98.9 0.335
140 124.4 0.318
140 150.8 0.162
140 174.7 0.151
140 200.2 0.115
172 4.1 0.36
172 24.5 0.366
172 43.5 0.519
172 73.7 0.326
172 99.1 0.287
172 123.9 0.29
172 149.2 0.167
172 174.3 0.141
172 249.9 0.09
201 4.9 0.435
201 24.8 0.467
201 43.1 0.333
201 74.9 0.283
201 99.8 0.264
201 125.8 0.258
201 149.3 0.188
201 174.6 0.127
233 4.5 0.374
233 45 0.497
233 75 0.271
233 99.5 0.306
233 123.8 0.237
233 150.6 0.155
233 174.9 0.11
233 200.7 0.082
263 5.1 0.288
263 25 0.286
263 44 0.298
263 75.1 0.301
263 99.9 0.303
263 124.3 0.248
263 149.2 0.175
263 174.7 0.125
263 200.4 0.102
263 249.1 0.086
293 4.9 0.291
293 25.8 0.31
293 45.5 0.349
293 98.5 0.313
293 124.9 0.193
293 150.1 0.134
293 176.3 0.101
293 200.8 0.081
325 5 0.26
325 24.8 0.26
325 45.1 0.262
325 75.2 0.297
325 100.1 0.185
325 124.6 0.15
325 150.7 0.097
325 175 0.076
325 199.8 0.08
354 4 0.348
354 24.5 0.35
354 44.9 0.339
354 75.3 0.329
354 97.8 0.267
354 123.8 0.226
354 149.8 0.114
354 175.2 0.121
354 201.7 0.098
354 249.5 0.108
51 4.8 0.308
51 25.2 0.319
51 44.9 0.336
51 73.7 0.332
51 101.6 0.321
51 123.6 0.238
51 149 0.141
51 175.2 0.115
51 200 0.102
79 5.1 0.329
79 25.3 0.306
79 44.6 0.288
79 73.5 0.32
79 100 0.377
79 125.2 0.223
79 150.7 0.116
79 173 0.101
79 199.4 0.081
140 7.4 0.314
140 24.8 0.326
140 45.5 0.4
140 75.1 0.336
140 100.5 0.293
140 124.6 0.25
140 148.9 0.184
140 174.2 0.143
140 199.6 0.107
140 249.2 0.081
172 12 0.289
172 24.3 0.301
172 45.2 0.352
172 73.7 0.333
172 100 0.335
172 124.2 0.344
172 150 0.172
172 174.3 0.137
172 199.5 0.11
172 248.9 0.076
201 4.9 0.323
201 25.3 0.338
201 45.5 0.334
201 74.5 0.327
201 100.3 0.292
201 125 0.289
201 150.3 0.203
201 174.7 0.127
201 200.5 0.107
232 4.8 0.259
232 24.5 0.241
232 45.1 0.273
232 74.3 0.293
232 99.9 0.271
232 124.5 0.288
232 150.5 0.184
232 175.5 0.123
232 199.4 0.104
263 9.9 0.425
263 24.1 0.446
263 44.9 0.491
263 73.3 0.379
263 100.6 0.292
263 124.7 0.239
263 149.1 0.179
263 174.4 0.13
263 198.9 0.112
263 249.8 0.086
293 9.2 0.367
293 23.2 0.353
293 43 0.349
293 73.4 0.386
293 99.3 0.318
293 124.1 0.252
293 149.4 0.172
293 173.8 0.122
293 200.4 0.121
324 5.9 0.274
324 25.1 0.309
324 45.6 0.291
324 75 0.289
324 100.2 0.294
324 125 0.245
324 149.8 0.15
324 174.3 0.134
324 200.3 0.098
354 5 0.272
354 25.7 0.278
354 45.8 0.317
354 76 0.33
354 100.5 0.317
354 125.2 0.238
354 150.1 0.134
354 175.8 0.1
354 198.5 0.099
20 8.9 0.29
20 25.3 0.291
20 45.2 0.298
20 74 0.299
20 101.4 0.278
20 125 0.297
20 151.6 0.221
20 175.6 0.124
20 197.8 0.145
20 249.9 0.103
51 7.6 0.282
51 22.4 0.22
51 43.1 0.318
51 76.1 0.29
51 101.3 0.28
51 125.3 0.195
51 147.1 0.102
51 173.4 0.08
51 201.8 0.073
79 6.6 0.314
79 24 0.328
79 44.8 0.293
79 76.4 0.235
79 101.6 0.269
79 125.2 0.242
79 151.7 0.153
79 176.8 0.116
79 201.5 0.077
110 25.1 0.353
110 45.4 0.359
110 74.3 0.338
110 100.8 0.248
110 125.3 0.163
110 149.6 0.17
110 174.4 0.177
110 199.7 0.101
110 249.6 0.074
141 8.4 0.327
141 25.1 0.361
141 46.2 0.329
141 76.4 0.281
141 100.3 0.391
141 124.3 0.287
141 150.9 0.141
141 175.4 0.102
141 199.4 0.068
171 8 0.288
171 25.6 0.322
171 45.2 0.369
171 76 0.321
171 101.2 0.329
171 124.8 0.206
171 151 0.108
171 175.8 0.087
171 200.6 0.075
201 7.6 0.25
201 25.4 0.359
201 44.7 0.361
201 74.9 0.361
201 100.5 0.204
201 125.1 0.288
201 150.3 0.157
201 174 0.115
201 200.4 0.099
232 6.5 0.371
232 25.4 0.327
232 45 0.43
232 75.7 0.381
232 100.9 0.358
232 125.5 0.23
232 150.1 0.141
232 175 0.107
232 200.5 0.108
263 5.5 0.165
263 25.7 0.198
263 45.1 0.26
263 75.3 0.305
263 100.2 0.299
263 125.2 0.281
263 149.9 0.125
263 175.6 0.087
263 199.8 0.076
293 7.4 0.348
293 26.1 0.375
293 46.2 0.372
293 74.5 0.35
293 101.1 0.278
293 126.3 0.173
293 151 0.118
293 173.6 0.09
293 198.9 0.095
293 248.2 0.065
324 8 0.308
324 26.2 0.256
324 44.9 0.316
324 76.4 0.278
324 100.7 0.282
324 125.9 0.14
324 150.1 0.098
324 175.5 0.099
324 202 0.057
354 6.7 0.289
354 25.6 0.265
354 45.6 0.287
354 74.7 0.283
354 100.6 0.301
354 125.6 0.201
354 151 0.213
354 175.6 0.093
354 199.7 0.089
354 249.4 0.071
51 4.9 0.281
51 24.7 0.28
51 44.7 0.227
51 74.8 0.265
51 100.2 0.24
51 124.6 0.219
51 149.5 0.105
51 175.7 0.091
51 199.4 0.08
51 249.6 0.065
79 4.8 0.295
79 25.6 0.254
79 44.7 0.32
79 76 0.244
79 98.6 0.255
79 124.4 0.225
79 150.2 0.157
79 175 0.095
79 200.1 0.072
79 249.6 0.07
140 7.1 0.286
140 25.1 0.324
140 45.3 0.316
140 75.5 0.326
140 100.3 0.269
140 125.7 0.251
140 149.4 0.195
140 174.4 0.156
140 199.9 0.088
140 249.5 0.074
201 7.3 0.339
201 24.9 0.292
201 44.8 0.355
201 75.3 0.209
201 99.9 0.186
201 125.3 0.244
201 150.1 0.127
201 175.2 0.113
201 200.1 0.097
232 7.3 0.312
232 25.2 0.346
232 45 0.363
232 74.3 0.396
232 124.7 0.258
232 150.7 0.183
232 175.2 0.126
232 200.2 0.108
264 27.1 0.409
264 47.2 0.373
264 77.5 0.36
264 100.2 0.299
264 125.8 0.124
264 150.2 0.109
264 175 0.11
264 200.4 0.101
293 5.2 0.33
293 25 0.324
293 44.4 0.376
293 74.7 0.357
293 98.7 0.361
293 125.1 0.27
293 151.6 0.166
293 174.5 0.126
293 199.5 0.114
354 8.3 0.313
354 25.6 0.352
354 76.3 0.33
354 125.5 0.365
354 149.8 0.127
354 175.6 0.151
354 200.9 0.12
354 6.5 0.301
354 26.4 0.336
354 45.5 0.236
354 75.9 0.284
354 99.9 0.288
354 124.9 0.271
354 149.7 0.163
354 175.1 0.125
354 200.1 0.109
354 249.8 0.086
20 6.6 0.39
20 25.3 0.335
20 45.3 0.334
20 75 0.362
20 100.4 0.336
20 126.6 0.262
20 148.8 0.151
20 173.2 0.09
20 199.6 0.087
20 249.5 0.078
51 6.4 0.311
51 24.3 0.344
51 45.6 0.3
51 75.5 0.304
51 99.7 0.291
51 123.8 0.288
51 150.9 0.169
51 177.1 0.088
51 200.1 0.099
141 24.7 0.385
141 44.7 0.333
141 75.1 0.324
141 100.2 0.269
141 125.9 0.176
141 150.9 0.141
141 176.1 0.098
141 200.7 0.095
171 7 0.336
171 24.8 0.344
171 44.6 0.324
171 74.6 0.293
171 100 0.276
171 125.1 0.214
171 149.6 0.12
171 174.5 0.082
171 199.7 0.063
171 249.7 0.07
201 5.7 0.27
201 25 0.291
201 45 0.373
201 75.2 0.293
201 100 0.248
201 125.2 0.229
201 150.4 0.128
201 174.9 0.112
201 200.1 0.089
201 250 0.074
232 7.1 0.367
232 24.8 0.367
232 45.4 0.361
232 75.2 0.361
232 100.6 0.334
232 125 0.253
232 151 0.152
232 174.7 0.137
232 199.6 0.124
293 7.1 0.423
293 25.3 0.414
293 45.3 0.358
293 75 0.39
293 99.7 0.303
293 126.1 0.205
293 149.4 0.129
293 175.3 0.052
293 199.3 0.093
354 9.7 0.291
354 25.3 0.306
354 44.7 0.302
354 74.8 0.308
354 99.8 0.251
354 123.7 0.167
354 148.1 0.116
354 175.2 0.077
354 200.8 0.079
20 7.3 0.269
20 25.3 0.275
20 45.1 0.245
20 75.7 0.273
20 100.3 0.211
20 124.9 0.156
20 150.7 0.119
20 174.9 0.091
20 200.5 0.06
51 10 0.252
51 29.1 0.239
51 43.6 0.208
51 74.9 0.261
51 100.1 0.239
51 125.4 0.179
51 149.8 0.108
51 174.6 0.073
51 199.5 0.059
51 249.1 0.076
110 5.3 0.268
110 25 0.322
110 45.6 0.295
110 75.7 0.274
110 100.2 0.337
110 125.4 0.232
110 149.8 0.172
110 175.1 0.1
110 200.1 0.069
141 5.2 0.295
141 25.1 0.266
141 45.4 0.281
141 75.8 0.275
141 101.2 0.241
141 125.3 0.246
141 151.8 0.169
141 175.4 0.142
141 201.4 0.098
202 7.4 0.28
202 25.7 0.303
202 45 0.327
202 74.9 0.329
202 99.5 0.309
202 123.7 0.229
202 148.7 0.168
202 175.1 0.134
202 200.2 0.091
202 249 0.068
201 8 0.319
201 25 0.308
201 46.3 0.328
201 75.6 0.383
201 99.7 0.334
201 125 0.257
201 150.1 0.138
201 174.9 0.131
201 199.6 0.098
232 6 0.35
232 26.7 0.382
232 45.7 0.407
232 72.7 0.484
232 100.5 0.352
232 124.8 0.262
232 150.3 0.2
232 175.7 0.144
232 249.5 0.1
263 5.4 0.329
263 25.8 0.309
263 45.1 0.324
263 74.4 0.265
263 100.5 0.302
263 125.2 0.148
263 151.8 0.117
263 175 0.086
263 199.7 0.072
325 4.9 0.295
325 24.8 0.303
325 46.2 0.306
325 72.9 0.31
325 105.8 0.323
325 130 0.182
325 151.8 0.215
325 171.9 0.163
325 196.6 0.08
325 248.8 0.057
354 5.5 0.292
354 25 0.291
354 45.6 0.309
354 75.2 0.252
354 99.3 0.318
354 123.3 0.217
354 149.8 0.145
354 173.5 0.134
354 200.4 0.092
79 5.8 0.23
79 25.3 0.325
79 45.1 0.23
79 80.1 0.225
79 93.3 0.318
79 128.6 0.158
79 155.5 0.17
79 179.1 0.137
79 205.2 0.201
110 5 0.225
110 24.8 0.252
110 45.5 0.294
110 75.5 0.294
110 101.5 0.221
110 125.1 0.244
110 149.1 0.136
110 175.3 0.118
110 200.5 0.094
110 248.5 0.138
140 7.8 0.285
140 24.7 0.297
140 45.2 0.283
140 74.8 0.298
140 99.4 0.242
140 124 0.202
140 149.4 0.153
140 174.9 0.121
140 200.5 0.155
171 5.6 0.343
171 24.4 0.307
171 45.6 0.334
171 75.8 0.349
171 101.7 0.295
171 123.8 0.263
171 149.2 0.198
171 178 0.131
171 201.2 0.117
201 4.7 0.331
201 25.1 0.346
201 45.7 0.284
201 75.1 0.329
201 99.7 0.465
201 124.8 0.222
201 150 0.103
201 175.9 0.088
201 199.8 0.101
201 249.7 0.07
233 6.7 0.299
233 24.7 0.323
233 44.5 0.296
233 74.5 0.309
233 99.6 0.342
233 125.2 0.284
233 150.6 0.165
233 175.4 0.147
233 200.4 0.104
264 6.6 0.341
264 25.3 0.326
264 45 0.324
264 74.6 0.339
264 99.6 0.289
264 125.3 0.195
264 150.7 0.113
264 175.3 0.107
264 200 0.089
294 5.8 0.392
294 26.3 0.395
294 45.5 0.355
294 75.3 0.399
294 100.7 0.34
294 125.7 0.24
294 150.4 0.133
294 175.2 0.051
294 199.7 0.115
324 4.8 0.545
324 24.8 0.269
324 43.9 0.282
324 74.4 0.252
324 100.3 0.306
324 124.6 0.183
324 150.5 0.423
324 175 0.16
324 200.1 0.098
20 5.5 0.248
20 25.9 0.272
20 45.2 0.328
20 76.4 0.306
20 99.7 0.265
20 125.1 0.176
20 150.2 0.099
20 174.9 0.149
20 200.5 0.071
79 7.1 0.302
79 25.1 0.296
79 46.5 0.263
79 75.3 0.244
79 99.8 0.248
79 125.3 0.182
79 150.1 0.214
79 175.6 0.152
79 199.3 0.079
111 8.6 0.305
111 24.7 0.315
111 44.6 0.323
111 75.1 0.327
111 99.8 0.26
111 126.3 0.286
111 151.9 0.166
111 175.3 0.139
111 199.5 0.143
140 5.3 0.349
140 25.7 0.33
140 44.3 0.342
140 74.1 0.318
140 98.8 0.269
140 123.9 0.183
140 151.5 0.19
140 175.1 0.106
140 200.6 0.088
202 25.2 0.353
202 44.4 0.304
202 75.1 0.287
202 99.6 0.282
202 124.7 0.281
202 199.7 0.096
232 5.1 0.412
232 25.1 0.414
232 44.6 0.403
232 74.7 0.329
232 100.2 0.251
232 124.5 0.168
232 149.8 0.12
232 175.2 0.083
232 199.8 0.088
232 249.8 0.062
263 5.2 0.385
263 25.2 0.29
263 46.1 0.342
263 75.1 0.368
263 100.8 0.353
263 125.2 0.258
263 149.9 0.164
263 175.4 0.107
263 200.2 0.154
324 5.7 0.433
324 25.8 0.358
324 44.6 0.304
324 76.9 0.351
324 103 0.237
324 126.8 0.182
324 150.6 0.116
324 174.3 0.144
324 200.6 0.183
324 4.8 0.345
324 24.7 0.338
324 44.8 0.33
324 76 0.354
324 97.5 0.309
324 123.9 0.184
324 150.5 0.148
324 169.8 0.119
324 197.2 0.096
355 5.7 0.368
355 24.7 0.342
355 43.9 0.355
355 73.8 0.34
355 99.8 0.39
355 123 0.295
354 199.2 0.095
354 248.8 0.082
20 5.2 0.338
20 25.3 0.274
20 45.7 0.315
20 76.3 0.272
20 100.3 0.253
20 127.3 0.238
20 147.5 0.163
20 176.4 0.093
20 205.6 0.118
79 4.9 0.27
79 25.1 0.308
79 46.4 0.294
79 75.4 0.243
79 101.8 0.183
79 125.9 0.247
79 150.2 0.116
79 175.4 0.092
140 4.8 0.313
140 25.3 0.289
140 44.6 0.272
140 75 0.3
140 100 0.315
140 152.9 0.307
140 174.3 0.174
140 202.2 0.096
140 5 0.302
140 25.7 0.358
140 45.1 0.339
140 75.3 0.332
140 100.5 0.269
140 125.4 0.26
140 152.3 0.285
140 174.5 0.14
140 201.6 0.121
171 5.9 0.383
171 23.9 0.328
171 43.9 0.339
171 74.4 0.304
171 99.1 0.289
171 125.1 0.284
171 148.7 0.194
171 174.2 0.11
171 199.6 0.087
171 249 0.074
232 10.4 0.273
232 25.8 0.293
232 75 0.347
232 100.4 0.283
232 125.5 0.252
232 150.4 0.156
232 175.4 0.134
232 200.7 0.097
232 5.6 0.345
232 24.8 0.339
232 45.3 0.34
232 75.3 0.327
232 100.2 0.301
232 125.2 0.243
232 150.2 0.181
232 175.5 0.111
232 200.8 0.119
263 7.6 0.304
263 25.6 0.303
263 44.6 0.35
263 75.2 0.317
263 100.4 0.335
263 125.5 0.305
263 150.6 0.173
263 174.7 0.156
294 5.5 0.287
294 25.3 0.293
294 45.4 0.306
294 75.5 0.315
294 100.3 0.285
294 124.8 0.194
294 150 0.129
294 175.3 0.094
294 200 0.084
294 250 0.071
355 6.7 0.258
355 26.3 0.274
355 46.4 0.248
355 75.6 0.315
355 124.4 0.176
355 151.6 0.105
355 176.4 0.092
355 201.4 0.095
51 7.3 0.343
51 24.8 0.342
51 45 0.336
51 75.7 0.282
51 100.2 0.256
51 126.7 0.258
51 149.9 0.14
51 175.7 0.1
51 200 0.107
51 249.7 0.108
79 5.9 0.248
79 25.4 0.267
79 45.2 0.283
79 101.2 0.311
79 124.7 0.263
79 150.1 0.253
79 175.8 0.161
79 201.3 0.131
110 5.3 0.319
110 26.1 0.293
110 45.8 0.3
110 75.7 0.284
110 101 0.258
110 124.9 0.203
110 150.2 0.144
110 175.8 0.135
110 200.9 0.125
140 7.3 0.277
140 23.7 0.306
140 45.5 0.314
140 75.8 0.285
140 101.5 0.294
140 125.7 0.261
171 7.1 0.302
171 25.9 0.305
171 45.9 0.326
171 75.5 0.285
171 101.1 0.298
171 125.4 0.233
171 150.3 0.185
171 175.5 0.117
171 200.3 0.083
264 11 0.377
264 45 0.36
264 74.7 0.277
264 99.8 0.225
264 125.5 0.16
264 151.6 0.107
264 200.8 0.086
264 250 0.069
293 7.9 0.396
293 25.4 0.401
293 45.7 0.41
293 76.5 0.412
293 100.1 0.276
293 125 0.211
293 150.3 0.131
293 175.2 0.099
293 200.5 0.095
294 7.7 0.365
294 25.3 0.363
294 45.4 0.334
294 75.1 0.352
294 100 0.256
294 124.9 0.181
294 150.7 0.123
294 175.1 0.108
294 200.4 0.164
324 7.1 0.352
324 25.1 0.333
324 45.1 0.333
324 74.3 0.318
324 125.4 0.205
324 150.6 0.118
324 174.9 0.11
324 200.1 0.12
354 8.1 0.226
354 25.5 0.288
354 46.3 0.406
354 75.6 0.265
354 99.7 0.213
354 125.7 0.135
354 148.6 0.097
354 175.2 0.09
354 249.4 0.138
20 8 0.286
20 25.8 0.286
20 45.1 0.283
20 75.3 0.264
20 100.5 0.277
20 126 0.281
20 150.6 0.139
20 175.2 0.153
20 200 0.092
51 6.2 0.265
51 26 0.278
51 76.1 0.321
51 100.7 0.245
51 127 0.189
51 150.7 0.137
51 175.9 0.125
51 202.6 0.078
79 5.3 0.286
79 25 0.34
79 46.4 0.305
79 76.1 0.331
79 100.1 0.315
79 150.8 0.117
79 200.4 0.08
79 249.9 0.073
171 4.8 0.384
171 26.3 0.345
171 44.3 0.339
171 75.1 0.284
171 99.1 0.3
171 125 0.263
171 154.6 0.137
171 174.9 0.105
171 199.3 0.084
201 4.9 0.354
201 24.7 0.379
201 44.5 0.354
201 75 0.326
201 100.1 0.275
201 125.7 0.294
201 150.4 0.184
201 175.4 0.129
201 200.4 0.094
201 249.8 0.083
263 5 0.378
263 23.4 0.351
263 45.2 0.347
263 75.4 0.372
263 100.1 0.277
263 124.8 0.197
263 150.3 0.129
263 174.8 0.152
263 200.3 0.106
263 249.8 0.088
293 7.1 0.469
293 25.4 0.392
293 75.1 0.342
293 100.4 0.279
293 124.5 0.199
293 175.2 0.177
293 201.2 0.236
324 7.8 0.381
324 24.8 0.403
324 45.3 0.39
324 75.6 0.326
324 100 0.319
324 125.3 0.201
324 150.8 0.149
324 175.1 0.173
324 200.5 0.278
324 249.4 0.101
354 7.4 0.28
354 23.9 0.314
354 45.2 0.284
354 74 0.295
354 99.7 0.327
354 123.5 0.236
354 149.7 0.125
354 173.7 0.106
354 199.1 0.123
354 249.9 0.084
