"DOY" "Depth" "DIP"
305 4.7 0.09
305 39.4 0.08
305 99.4 0.14
305 150.3 0.27
305 191.8 0.31
305 217 0.39
305 10.7 0.07
305 25.5 0.08
305 42.9 0.09
305 68.3 0.08
305 114.4 0.16
306 16.6 0.08
306 36.5 0.09
306 56.4 0.07
306 77.8 0.08
306 97.8 0.09
306 117.3 0.14
306 137.8 0.22
306 157.7 0.29
306 181.8 0.34
306 204.2 0.42
306 228.8 0.47
337 15.6 0.09
337 99.5 0.11
337 136.4 0.19
337 173.3 0.25
337 238 0.34
337 1.5 0.09
337 21.2 0.09
337 46.2 0.08
337 71.1 0.08
337 97.9 0.12
337 122.9 0.18
337 148.6 0.22
337 177.6 0.23
337 1.6 0.0352
337 16.2 0.0342
337 37.8 0.0371
337 57.9 0.042
337 79.2 0.0508
337 98.9 0.0967
337 119.7 0.16
337 139.8 0.22
337 161.5 0.22
337 181.1 0.23
8 35.9 0.09
8 204.9 0.32
8 19.7 0.09
8 118.8 0.13
8 186 0.3
8 4.9 0.0283
8 22.8 0.0361
8 43.3 0.0205
8 72.7 0.0439
8 97.7 0.0459
8 122.2 0.043
8 146.8 0.16
8 176.8 0.21
9 2.8 0.07
9 18.4 0.07
8 38.2 0.07
8 56.7 0.07
8 79.4 0.09
8 96.6 0.1
8 117.5 0.14
8 139.2 0.18
8 151.6 0.24
8 163.4 0.27
8 186.7 0.34
8 230.8 0.43
9 201.3 0.32
58 8.7 0.09
58 18.8 0.09
58 38.5 0.09
58 58.4 0.09
58 78.4 0.04
58 98.4 0.04
58 108.2 0.04
58 118.3 0.08
58 131.3 0.07
58 141.4 0.13
58 151.3 0.17
58 163 0.22
59 179.4 0.31
59 226.3 0.43
59 201 0.36
59 5.8 0.0889
59 22.1 0.1192
59 41.8 0.0837
59 71.8 0.0483
59 99.6 0.0472
59 123.2 0.0679
59 151.1 0.2634
59 177.4 0.3262
59 47 0.08
59 131 0.11
59 162.1 0.24
59 203.7 0.39
86 26.7 0.12
86 111.1 0.09
86 144.1 0.2
86 212 0.33
88 40.8 0.08
88 71.7 0.08
88 81.6 0.08
88 92.5 0.08
88 101.9 0.08
88 111.7 0.08
88 121.6 0.16
88 127.4 0.18
88 133.7 0.2
88 143.6 0.21
88 152.5 0.23
88 200.2 0.36
138 30.7 0.09
138 87.1 0.07
138 136.1 0.21
138 201 0.42
138 4.5 0.09
138 19.5 0.09
138 39.4 0.08
138 59.4 0.09
138 79 0.12
138 99 0.17
138 108.7 0.2
138 119.1 0.24
138 129 0.29
138 139.8 0.31
138 159.7 0.34
138 179.6 0.42
138 199.7 0.42
175 15.3 0.14
175 79.6 0.12
175 99.5 0.16
175 139.5 0.17
175 199.2 0.47
175 242.8 0.84
175 49.1 0.16
175 127.6 0.08
175 225.5 0.5
175 105.2 0.07
209 54.3 0.07
209 98.5 0.09
209 148.5 0.21
209 206.8 0.42
210 204.9 0.48
210 228 0.54
210 5.6 0.1
210 27.4 0.1
210 46.8 0.11
210 61.7 0.09
210 77.3 0.07
210 87.8 0.1
210 98.5 0.14
210 109.3 0.12
210 119.2 0.13
210 130.5 0.13
210 156 0.27
210 181.1 0.39
235 59.9 0.11
235 91.6 0.07
235 139.3 0.13
235 191.7 0.34
235 227.3 0.41
236 203.8 0.38
236 230.9 0.46
236 4.8 0.11
236 25.8 0.11
236 45.8 0.11
236 61.6 0.1
236 76.1 0.08
236 87.3 0.07
236 97.4 0.06
236 109 0.06
236 118 0.06
236 130.5 0.07
236 157 0.14
236 181.8 0.27
265 7.2 0.09
265 86.7 0.11
265 96.6 0.08
265 108.3 0.08
265 123.4 0.13
265 132.9 0.16
265 143.8 0.33
265 182.8 0.42
265 217.7 0.54
266 6.3 0.06
266 26.5 0.06
266 47.4 0.06
266 63.2 0.06
266 79 0.06
266 98.6 0.06
266 111.2 0.09
266 119.9 0.17
266 131.7 0.19
266 157.5 0.47
266 182.1 0.48
266 206.7 0.51
266 231.7 0.5
266 78.4 0.1023
266 104.5 0.1058
266 155.9 0.2566
291 9.5 0.06
291 26.3 0.05
291 78.9 0.03
291 118.1 0.03
291 133.3 0.06
291 198.5 0.24
291 246.1 0.37
292 4.8 0.0667
292 25.5 0.06
292 45.4 0.0856
292 61.7 0.03
292 76.4 0.0368
292 86.7 0.02
292 96.5 0.03
292 106.4 0.0686
292 116.8 0.06
292 129.7 0.08
292 153.9 0.1491
292 181.7 0.17
292 207.3 0.3125
332 30.6 0.08
332 56.4 0.07
332 80 0.07
332 99.3 0.1
332 121.6 0.11
332 147.2 0.19
332 226.9 0.4
332 5.8 0.08
332 25.3 0.07
332 45.6 0.07
332 61.6 0.11
332 76.5 0.07
332 86.6 0.08
332 96.3 0.08
332 106.7 0.1
332 119.6 0.11
332 130.6 0.14
332 155.4 0.2
332 181.5 0.26
332 201.3 0.29
333 231.2 0.38
4 25.6 0.07
4 51.3 0.07
4 77.2 0.07
4 77.2 0.07
4 105.1 0.06
4 131.6 0.11
4 182.6 0.18
4 182.6 0.17
4 216.9 0.21
5 4.7 0.0446
5 14.3 0.0481
5 24.2 0.0501
5 34 0.053
5 45.8 0.0396
5 60 0.0394
5 75.5 0.0332
5 85.6 0.0573
5 95.1 0.0671
5 105.9 0.09
5 117.3 0.0918
5 126.9 0.1296
5 136.8 0.167
5 12.3 0.07
5 26.7 0.06
5 160.6 0.17
5 215.3 0.26
5 239.1 0.37
47 49.7 0.1
47 77.6 0.13
47 102 0.11
47 133.5 0.2
47 172.9 0.29
47 233.3 0.49
47 4.2 0.1162
47 14 0.11
47 24.9 0.1208
47 34.9 0.11
47 45.9 0.0987
47 60.8 0.0853
47 75.6 0.0915
47 85.3 0.1022
47 96.4 0.13
47 105.9 0.0983
47 115.6 0.096
47 125.4 0.1518
47 135.7 0.1716
47 151 0.2021
47 177.6 0.2776
78 1.7 0.13
78 24.6 0.13
78 49.4 0.13
78 75.5 0.12
78 108 0.11
78 142 0.2
78 153.2 0.27
78 174.1 0.4
78 174.1 0.4
78 226.7 0.64
78 116.7 0.0901
78 126.9 0.1032
78 137.2 0.1302
78 151.7 0.2129
78 177.8 0.3972
78 203.7 0.557
78 213.8 0.49
78 239.4 0.64
78 5.6 0.13
78 15.7 0.13
78 25.5 0.13
78 35.1 0.13
78 45.3 0.13
78 60.6 0.12
78 75.1 0.14
78 87.1 0.14
78 99 0.14
78 110 0.12
102 1.2 0.13
102 11.8 0.13
102 34.2 0.11
102 56.8 0.11
102 153.7 0.09
102 169.2 0.07
102 204.8 0.27
103 81.5 0.09
103 117.3 0.0915
103 128.7 0.07
103 137 0.1006
103 152.2 0.1048
103 162.4 0.11
103 178.8 0.1862
103 190.6 0.17
103 207 0.2053
103 214.8 0.11
103 231.2 0.23
103 6.3 0.09
103 16.6 0.0967
103 25.7 0.09
103 36.9 0.0801
103 45.9 0.07
103 61.8 0.07
103 61.8 0.0866
103 78 0.06
103 98.5 0.07
103 108.8 0.0859
128 33.1 0.06
128 72.3 0.06
128 149.5 0.18
128 219.2 0.46
129 6.2 0.09
129 26.9 0.08
129 36.8 0.06
129 46.4 0.05
129 62.7 0.04
129 77.4 0.05
129 87.4 0.05
129 97.9 0.06
129 106.8 0.06
129 118 0.08
129 129.9 0.09
129 137 0.11
129 154.4 0.18
129 182.3 0.25
129 209 0.32
129 228.5 0.44
130 6.5 0.1058
130 27.6 0.0784
130 47.4 0.1286
130 77.2 0.0749
130 102.1 0.0937
130 112.2 0.0823
130 135.2 0.1184
130 155.2 0.1975
130 204.4 0.3311
163 13 0.09
163 28.2 0.09
163 53.3 0.09
163 78.3 0.09
163 115.8 0.12
163 154 0.17
163 194.7 0.17
163 217.4 0.31
164 5.2 0.0879
164 26.2 0.0862
164 35.1 0.1
164 45.6 0.0759
164 60.7 0.09
164 76 0.0833
164 96.7 0.09
164 106.9 0.0856
164 117.2 0.12
164 127.1 0.15
164 137.2 0.15
164 154.2 0.1667
164 181.8 0.2402
164 207.5 0.3337
164 230.2 0.4
206 6.7 0.11
206 12.6 0.11
206 27.5 0.13
206 34.3 0.11
206 62.2 0.11
206 117.7 0.14
206 155.9 0.21
206 223.5 0.33
206 231.6 0.41
206 4.7 0.1
206 26.5 0.1
206 36.8 0.09
206 46.3 0.1
206 61.7 0.09
206 77.4 0.09
206 87.2 0.1
206 97.1 0.1
206 108.1 0.11
206 117.5 0.11
206 137.5 0.21
206 153.4 0.25
206 164.7 0.16
206 181.6 0.23
206 207.8 0.31
351 10.1 0.07
351 24.7 0.07
351 70.6 0.07
351 84.8 0.07
351 97.6 0.08
351 103.7 0.12
351 150.5 0.21
351 174.2 0.28
351 223.7 0.46
352 118.8 0.13
352 129.9 0.15
352 139.3 0.18
352 166.3 0.24
352 191.8 0.31
352 241.2 0.49
352 7 0.05
352 14.9 0.05
352 27 0.04
352 45.8 0.05
352 45.8 0.05
352 61.9 0.04
352 76.5 0.05
352 86 0.04
352 96.2 0.04
352 106.2 0.07
352 116.6 0.09
352 128 0.2
353 9.4 0.07
34 15 0.07
34 119.4 0.11
34 12.6 0.07
34 53.4 0.06
34 85.4 0.06
34 110.1 0.06
34 138.4 0.14
34 209.2 0.3
34 243.4 0.43
34 6 0.09
34 26.1 0.07
34 36 0.07
34 49.6 0.07
34 62.1 0.07
34 75.6 0.06
34 88.4 0.06
34 99.1 0.06
34 107.3 0.06
34 118.2 0.04
34 128.5 0.06
34 139 0.17
34 154.8 0.18
34 182.3 0.25
34 209.8 0.38
34 229.1 0.54
35 6.9 0.1227
35 26.6 0.1123
35 46.5 0.062
35 76.2 0.069
35 105.7 0.1035
35 129.7 0.1556
35 158 0.2109
35 179.8 0.2725
35 205.4 0.3123
65 5.4 0.0615
65 5.7 0.0771
65 16.1 0.0703
65 19.1 0.0732
65 26.7 0.0723
65 36.8 0.0752
65 39.7 0.0723
65 63.7 0.0596
65 78.9 0.0615
65 86.2 0.0527
65 94.7 0.0684
65 105.3 0.0605
65 117.6 0.0869
65 126.5 0.1123
65 139.2 0.13
65 153.9 0.2158
65 203.7 0.4151
66 171.7 0.29
67 4.5 0.1
67 31.1 0.1
67 49.6 0.06
67 72.9 0.07
67 101.7 0.08
67 124.6 0.11
67 139.5 0.17
67 147.6 0.26
67 156 0.22
67 179.9 0.22
99 43.9 0.07
99 92.1 0.06
99 108.3 0.07
99 163.7 0.14
99 187 0.21
99 245.7 0.34
100 230.6 0.36
100 27.2 0.09
100 37.9 0.07
100 48.7 0.07
100 65.1 0.06
100 77.5 0.06
100 88.9 0.07
100 98.6 0.07
100 108.2 0.11
100 119.6 0.13
100 130.3 0.16
100 157.1 0.21
100 181.3 0.23
100 209.7 0.27
100 6.4 0.0527
100 11.2 0.0527
100 27.8 0.0273
100 48.6 0.0176
100 62.9 0.0215
100 78.7 0.0312
100 88.8 0.0674
100 104.6 0.0967
100 120.1 0.1064
100 129.8 0.1299
100 142.1 0.1582
100 156.7 0.1973
100 183.5 0.2295
100 204.9 0.2598
128 37.5 0.06
128 49.2 0.06
128 61.3 0.04
128 99.9 0.06
128 148 0.08
128 207.6 0.3
128 230.6 0.4
128 215.4 0.32
128 241.5 0.45
128 10.6 0.0811
128 18.3 0.1
128 27.5 0.0781
128 26.4 0.1
128 36.7 0.09
128 46 0.0381
128 64.3 0.0205
128 78 0.0117
128 86.9 0.0107
128 98 0.0137
128 104.6 0.0801
128 114.8 0.0332
128 126.3 0.07
128 140.5 0.07
128 157.2 0.0518
128 165.4 0.1
128 188.5 0.2256
155 103.1 0.06
155 6.2 0.08
155 25.6 0.08
155 65.5 0.06
155 97.8 0.04
155 104.4 0.06
155 152.4 0.15
155 157 0.18
155 226.7 0.34
156 232 0.38
156 6.5 0.125
156 12.3 0.1211
156 16.2 0.1084
156 27.8 0.08
156 37.9 0.1133
156 47.7 0.0645
156 63.6 0.0576
156 78.2 0.04
156 90.2 0.0527
156 99.2 0.04
156 109.6 0.0752
156 120.2 0.07
156 130.2 0.1269
156 139 0.1865
156 169.5 0.2978
156 194.1 0.3555
156 210 0.3
156 221.5 0.6046
190 13.2 0.12
190 53.5 0.13
190 66.4 0.1
190 110.1 0.12
190 143.4 0.13
190 186 0.18
190 244.2 0.42
191 215.8 0.26
191 230.5 0.32
191 3.3 0.12
191 13.3 0.12
191 23.3 0.1436
191 34 0.12
191 43.2 0.1358
191 58.9 0.1358
191 73.9 0.1055
191 84.7 0.1367
191 94.5 0.1221
191 104.4 0.1748
191 115.1 0.1611
191 127.4 0.14
191 135.8 0.2392
191 150.6 0.1406
191 180 0.2558
191 205.8 0.503
221 10.2 0.04
221 22.6 0.07
221 46.5 0.03
221 71.8 0.09
221 142.2 0.1
221 160.4 0.12
221 181.9 0.16
221 214.6 0.22
222 229.3 0.25
222 7.9 0.1426
222 26.9 0.1582
222 34.8 0.07
222 42.2 0.07
222 59.1 0.0811
222 75.7 0.06
222 87.6 0.1494
222 98.2 0.07
222 107.6 0.1543
222 117.7 0.1602
222 129.6 0.166
222 139.3 0.09
222 153.1 0.2109
222 181.1 0.2812
222 208.5 0.4287
260 54.2 0.07
260 201.8 0.19
260 12.7 0.06
260 17.4 0.07
260 32.3 0.06
260 58.4 0.06
260 76.8 0.04
260 85.7 0.07
260 144.6 0.09
260 202.3 0.2
261 230.6 0.29
261 111.4 0.1455
261 121.8 0.1475
261 131.5 0.09
261 141.7 0.1689
261 158.7 0.2236
261 176.2 0.2676
261 199.9 0.2
261 11.3 0.1016
261 31.1 0.0977
261 41.1 0.07
261 50.8 0.0996
261 67.7 0.082
261 83.3 0.1025
261 95.6 0.1
261 105.4 0.1455
293 6 0.1
294 10 0.07
294 46.1 0.06
294 71.7 0.04
294 92.2 0.06
294 112.3 0.07
294 129.1 0.1
294 159.8 0.11
294 218.9 0.4
294 224.7 0.39
294 249.1 0.6
294 103.9 0.0254
294 114.6 0.0801
294 124.7 0.127
294 135.1 0.0752
294 150.5 0.0508
294 175 0.1006
294 199.6 0.2266
294 226.4 0.42
294 250 0.63
294 6.7 0.0342
294 16.8 0.07
294 27 0.0313
294 35.9 0.09
294 46.5 0.0342
294 61.3 0.0156
294 76.8 0.0225
294 87.1 0.04
294 97.4 0.0234
339 7.4 0.12
339 50.3 0.1
339 200.7 0.34
339 8 0.11
339 31.7 0.1
339 53.8 0.08
339 67.8 0.06
339 86 0.06
339 97.4 0.09
339 108.9 0.1
339 130.3 0.12
339 145.4 0.17
339 207.9 0.34
340 224.4 0.44
340 249 0.6
340 99.2 0.07
340 105.3 0.07
340 115.8 0.14
340 126.5 0.13
340 137.6 0.15
340 153.7 0.19
340 178 0.3
340 201.7 0.38
340 6.6 0.1
340 14.2 0.1
340 24.3 0.09
340 35.7 0.09
340 45.7 0.08
340 61.1 0.1
340 75.4 0.11
340 88.6 0.09
341 7.9 0.0684
341 13.2 0.0801
341 23.2 0.084
341 33.3 0.082
341 43.4 0.0625
341 49.8 0.0488
341 70.4 0.0352
341 88.1 0.085
341 108.3 0.0693
341 124.5 0.0654
341 150.9 0.1318
341 174.7 0.2246
341 202.9 0.2832
45 14.3 0.08
45 54.6 0.07
45 82.2 0.07
45 115.1 0.12
45 131.9 0.13
45 200.2 0.14
45 239.1 0.17
46 229.6 0.21
46 108.6 0.0352
46 127.4 0.082
46 138 0.12
46 153.1 0.13
46 177 0.14
46 187.8 0.0957
46 204.8 0.14
46 5.6 0.0273
46 29.9 0.0322
46 37.6 0.0332
46 63.9 0.0332
46 77.3 0.0342
46 85 0.12
46 92.5 0.0332
107 19 0.08
107 83.7 0.08
160 19.4 0.1
160 113.9 0.1
161 10.1 0.1
161 30 0.1
161 48.1 0.08
161 80.2 0.08
161 87.2 0.1
161 119.2 0.12
161 126.4 0.16
161 174.9 0.34
161 203.3 0.62
161 226.7 0.69
161 4.6 0.0869
161 14.6 0.0674
161 24.7 0.0713
161 34.6 0.0576
161 44.8 0.0234
161 59.6 0.0361
161 74.9 0.09
161 84.9 0.0576
161 94.9 0.0801
161 103.9 0.12
161 113.4 0.1084
161 124.5 0.1269
161 135.9 0.17
161 148.3 0.248
161 175.1 0.4258
161 202.8 0.6193
186 11.5 0.1
186 87.4 0.09
186 51.7 0.07
186 61.5 0.08
186 112.6 0.08
186 163.8 0.21
186 231.1 0.22
187 228.4 0.28
187 8.6 0.0166
187 8.7 0.06
187 17.3 0.0195
187 28.4 0.0254
187 38.4 0.0049
187 48.5 0.0059
187 63.5 0.04
187 78.1 0.04
187 87.2 0.05
187 97.5 0.05
187 108.5 0.05
187 118.1 0.07
187 129.3 0.0518
187 139 0.11
187 153.9 0.12
187 178.1 0.164
187 200.2 0.2158
218 84.8 0.05
219 44.1 0.02
219 66.2 0.02
219 103.2 0.03
219 107 0.04
219 152.9 0.23
219 225 0.44
219 109 0.05
219 128.8 0.1406
219 138.1 0.14
219 153.5 0.21
219 178.8 0.2559
219 204.5 0.3086
219 231.4 0.45
219 9.9 0.1055
219 10 0.1084
219 31.1 0.1143
219 31 0.0938
219 40.3 0.0947
219 49.3 0.0791
219 64.8 0.082
219 80.1 0.07
219 92.1 0.06
20 8.9 0.05
20 34.5 0.05
20 53.9 0.05
20 101.7 0.04
20 105.5 0.05
20 146.7 0.11
20 229.1 0.25
20 135.1 0.1719
20 149.7 0.2158
20 160.5 0.17
20 173.8 0.2402
20 198.1 0.2
20 198.1 0.3701
20 209.9 0.29
20 226.2 0.37
20 233.5 0.39
20 249.3 0.41
20 9.1 0.0469
20 24.7 0.0439
20 35.6 0.0352
20 45.3 0.0352
20 75.5 0.0352
20 86.1 0.043
20 95.3 0.04
20 104 0.04
20 130.4 0.0439
47 7.7 0.06
47 15.7 0.07
47 25.8 0.06
47 50.7 0.06
47 95.4 0.1
47 100.4 0.12
47 110.5 0.19
47 144.5 0.21
47 225.4 0.38
48 224.3 0.47
48 234.5 0.5
48 249.5 0.58
48 5.1 0.0811
48 14.9 0.083
48 24.3 0.0762
48 35.5 0.0752
48 45.4 0.0781
48 58.7 0.0957
48 74.3 0.0967
48 84.6 0.084
48 94.6 0.1133
48 104.7 0.1621
48 114.5 0.207
48 124.5 0.2646
48 137 0.2803
48 151.5 0.3311
48 175.4 0.4112
48 203.8 0.4845
103 11.2 0.06
103 191.9 0.18
104 5.9 0.05
104 57.3 0.04
104 158 0.15
104 175.1 0.16
104 181.4 0.18
104 197.8 0.2
104 218.9 0.29
104 3.8 0.0742
104 15 0.0703
104 26 0.0654
104 34.9 0.0645
104 44.4 0.083
104 60.2 0.04
104 75.5 0.0664
104 85.4 0.04
104 95.9 0.05
104 104.9 0.0645
104 115 0.07
104 125 0.1084
104 134.9 0.1
104 150.4 0.1025
104 176.2 0.1142
104 196.2 0.1728
104 208.9 0.21
104 223.4 0.26
104 104.2 0.04
104 148.1 0.08
104 179 0.09
104 224.9 0.23
104 234.8 0.28
104 248.6 0.34
140 5.5 0.04
140 78.9 0.08
140 177.9 0.13
140 14.7 0.02
140 50.5 0.03
140 98.8 0.02
140 162.2 0.1
140 185.2 0.09
140 210.2 0.15
140 236.5 0.23
140 226.5 0.27
141 6.5 0.0264
141 14.8 0.0244
141 24.5 0.0264
141 34.9 0.0283
141 45 0.0332
141 55.1 0.0215
141 74.7 0.0205
141 95.3 0.01
141 106.3 0.0117
141 116.4 0.04
141 124.5 0.0352
141 134.8 0.04
141 150.1 0.1064
141 176.4 0.1182
141 203.8 0.2441
141 246.8 0.33
256 12 0.05
256 46.7 0.03
257 210.5 0.23
257 226.5 0.37
257 235.6 0.45
257 5.4 0.0361
257 15.6 0.0469
257 25.6 0.0459
257 36.7 0.0439
257 46.6 0.0215
257 61.4 0.03
257 76.2 0.041
257 86.5 0.03
257 96.4 0.04
257 105.9 0.0791
257 116.2 0.06
257 125.6 0.1016
257 136.3 0.1367
257 154.2 0.2285
257 177.7 0.3252
257 200.9 0.4005
301 5.5 0.05
301 50.2 0.03
301 6.9 0.03
301 37 0.01
301 44.5 0.01
301 85.3 0.03
301 117.3 0.07
301 171.2 0.35
301 226.7 0.52
302 221.2 0.44
302 238.3 0.59
302 7.1 0.05
302 17.2 0.0088
302 27.1 0.0566
302 37.3 0.043
302 48.4 0.0488
302 58.5 0.0293
302 80.3 0.0283
302 78.9 0.01
302 93.4 0.01
302 105.2 0.0596
302 117.8 0.04
302 125 0.1123
302 138.4 0.11
302 148.9 0.3027
302 176.8 0.4239
302 197.4 0.5138
19 106.5 0.07
20 7.3 0.05
20 42.1 0.05
20 87.3 0.05
20 93.8 0.05
20 98.4 0.06
20 128.1 0.13
20 160.7 0.13
20 199.3 0.19
20 223.8 0.3
20 226.1 0.26
20 234.2 0.28
20 7.5 0.0508
20 17.1 0.0605
20 27.3 0.0654
20 36.7 0.0644
20 62.9 0.0547
20 76.6 0.0869
20 85.8 0.0518
20 96.1 0.0771
20 106.4 0.084
20 114.6 0.0644
20 125.7 0.1103
20 136.4 0.09
20 153.1 0.1601
20 168.8 0.1328
20 204.6 0.2002
22 5.4 0.06
47 5.7 0.1
47 79.6 0.09
48 6.7 0.07
48 12.3 0.06
48 28.4 0.06
48 52.3 0.06
48 97.9 0.05
48 120.5 0.05
48 148.5 0.09
48 176 0.21
48 194.7 0.25
48 226 0.31
48 199 0.2568
48 226.2 0.31
48 236.1 0.33
48 4.8 0.0195
48 15 0.0205
48 25.4 0.0146
48 35 0.0176
48 44.9 0.0137
48 61.4 0.0117
48 77.8 0.0225
48 85.6 0.07
48 95.4 0.07
48 106.1 0.0117
48 114.4 0.06
48 125.5 0.0225
48 135.2 0.06
48 150.4 0.0195
67 14.5 0.07
67 159 0.09
67 6.9 0.07
67 17.9 0.07
67 39.9 0.05
67 115.7 0.07
67 124.8 0.08
67 143.7 0.08
67 197.3 0.16
68 234.9 0.21
68 4.6 0.0303
68 14.9 0.0303
68 25.2 0.0303
68 36.8 0.0342
68 45.5 0.0371
68 60.1 0.0244
68 75 0.0205
68 83.3 0.04
68 95.2 0.04
68 104.9 0.0322
68 115.9 0.04
68 125.8 0.041
68 135 0.05
68 149.2 0.0674
68 159.5 0.07
68 174.7 0.0693
68 200.4 0.084
169 179.4 0.1
169 4.5 0.08
169 36.6 0.08
169 65.5 0.05
169 100.4 0.04
169 125.3 0.07
169 193.4 0.15
169 245.6 0.39
170 210.4 0.22
170 226.3 0.29
170 235.5 0.33
170 5.1 0.0586
170 14.9 0.0586
170 24.7 0.0606
170 44.6 0.042
170 59.7 0.0176
170 75.4 0.0195
170 84.7 0.04
170 95.7 0.0371
170 105.1 0.0547
170 113.8 0.0586
170 125.3 0.0674
170 136.6 0.0752
170 150.6 0.0947
170 157.4 0.1064
170 175.1 0.1279
170 185.2 0.14
170 201.4 0.2129
205 4.4 0.06
205 155.8 0.15
206 5.4 0.07
206 16.3 0.07
206 24 0.06
206 48.5 0.06
206 77.1 0.05
206 119.5 0.05
206 164 0.14
206 172.9 0.17
206 199.6 0.26
206 242.2 0.35
206 200.4 0.15
206 210.8 0.18
206 223.9 0.21
206 236.7 0.24
206 247.9 0.27
206 4.7 0.0498
206 14.8 0.0518
206 24.6 0.0518
206 34.2 0.0654
206 43.8 0.0449
206 59.8 0.0527
206 74.3 0.0371
206 84.3 0.02
206 94.9 0.02
206 104.2 0.0508
206 115.3 0.03
206 124.2 0.0713
206 134.4 0.07
206 149.6 0.1699
206 175 0.2353
206 201.3 0.3389
241 5.3 0.04
241 120.2 0.14
241 5 0.06
241 64 0.05
241 76.2 0.04
241 115.3 0.08
241 133.5 0.15
241 165.5 0.18
241 208.9 0.18
241 230.8 0.41
242 210.3 0.27
242 223.7 0.41
242 234.9 0.46
242 249.2 0.51
242 4.5 0.0264
242 14.6 0.0557
242 25.2 0.043
242 35.2 0.0342
242 44.6 0.0313
242 59.6 0.041
242 75.9 0.0254
242 85 0.03
242 94.4 0.05
242 105.5 0.083
242 115 0.12
242 125.1 0.1865
242 135.4 0.18
242 150.4 0.1982
242 175.6 0.2549
242 200.7 0.1914
266 5.4 0.0567
266 15.1 0.041
266 25 0.0449
266 35 0.0488
266 44.6 0.042
266 59.9 0.041
266 75.2 0.0254
266 95.1 0.0664
266 105.2 0.0703
266 124.1 0.0859
266 149.6 0.0986
266 174.4 0.1445
266 200 0.1943
287 4.7 0.05
287 80.4 0.05
287 4.8 0.08
287 60.2 0.04
287 70.9 0.05
287 82.1 0.06
287 99.9 0.07
287 120.1 0.1
287 150.7 0.13
287 177.2 0.15
287 199.8 0.21
287 225.3 0.27
288 4.4 0.06
288 225.2 0.27
288 235.3 0.31
288 5 0.0176
288 14.6 0.0147
288 25 0.0205
288 34.3 0.0156
288 44.6 0.0088
288 59.5 0.0098
288 74.5 0.0215
288 84.2 0.04
288 94.7 0.0352
288 104.7 0.0547
288 115.3 0.07
288 124.7 0.1055
288 134.8 0.11
288 149.5 0.1162
288 174.4 0.1523
288 200.8 0.2266
324 224.2 0.29
324 234.4 0.32
324 5.3 0.0332
324 14.8 0.0361
324 25.2 0.0332
324 34.2 0.0342
324 43.2 0.0293
324 58.7 0.0264
324 74 0.0264
324 86.5 0.01
324 102.3 0.0391
324 115.7 0.04
324 125.2 0.083
324 135.4 0.03
324 150.6 0.1367
324 173 0.1973
325 4.7 0.03
325 49.5 0.02
325 103.8 0.02
325 109.5 0.01
325 117.7 0.02
325 136.4 0.05
325 160.4 0.05
325 234.9 0.37
325 5.9 0.06
325 121.6 0.08
36 4.7 0.16
36 249.6 0.73
36 5.3 0.15
36 41.2 0.11
36 49.8 0.1
36 74.2 0.09
36 118.8 0.07
36 129.6 0.09
36 159 0.23
36 193.9 0.27
36 210.2 0.25
37 209.6 0.35
37 225 0.39
37 234.3 0.42
37 249.5 0.61
37 4.9 0.1866
37 14.9 0.1534
37 23.2 0.1612
37 34.1 0.1583
37 43.8 0.1573
37 59.8 0.0948
37 74.9 0.0723
37 84.8 0.09
37 95.5 0.09
37 104.3 0.0713
37 113.5 0.1
37 123.8 0.1182
37 133.6 0.14
37 149.8 0.0996
37 160.2 0.17
37 175.1 0.4327
37 184.4 0.33
37 199.5 0.376
39 124.5 0.08
39 150 0.18
39 175.5 0.36
39 199.4 0.29
39 225.2 0.34
62 5.1 0.09
62 101.3 0.13
63 6 0.11
63 53.2 0.09
63 75.9 0.07
63 90.4 0.07
63 140.1 0.15
63 197 0.38
63 215.4 0.41
63 209.8 0.44
63 225.6 0.51
63 234 0.55
63 5.5 0.127
63 15 0.1221
63 25.5 0.1153
63 34 0.1162
63 44.7 0.0986
63 57.9 0.1104
63 78 0.126
63 85.2 0.11
63 96 0.12
63 106.3 0.19
63 111.9 0.2236
63 123.6 0.2998
63 134.2 0.17
63 149.2 0.1973
63 174.9 0.3106
63 200 0.4112
97 4.8 0.1397
97 9.7 0.1505
97 24.6 0.13
97 24.6 0.1436
97 44.2 0.1397
97 50 0.1123
97 74.3 0.1
97 74.3 0.1026
97 99 0.1
97 105.1 0.1016
97 115.1 0.09
97 124.3 0.0889
97 149.5 0.1201
97 174.4 0.1924
97 199.5 0.207
97 250 0.28
97 200.2 0.16
97 249.6 0.31
97 63.8 0.11
97 109.4 0.1
97 118.7 0.13
97 179.5 0.14
97 199.9 0.14
97 224.2 0.2
97 5 0.13
97 99.8 0.09
97 194.6 0.16
126 4.6 0.12
126 99.5 0.09
127 4.8 0.12
127 65.6 0.09
127 122.1 0.12
126 166.7 0.11
126 200.4 0.13
126 222.3 0.17
127 209.6 0.21
127 223.8 0.25
127 234.2 0.3
127 249.2 0.37
127 5 0.0928
127 9.7 0.0908
127 15 0.1612
127 24.7 0.0948
127 34.3 0.0889
127 45 0.0772
127 59.5 0.04
127 75.6 0.0225
127 84.3 0.05
127 95.2 0.03
127 104.8 0.0176
127 115 0.04
127 124.3 0.0449
127 135.3 0.07
127 149.8 0.085
127 159.4 0.11
127 174.7 0.0908
127 184.9 0.17
127 200.4 0.2305
127 210.5 0.22
211 9 0.08
211 224.8 0.25
211 234 0.33
211 249.7 0.45
211 5 0.0879
211 14.7 0.0772
211 24.4 0.1104
211 35 0.0801
211 45.1 0.0772
211 60.1 0.0752
211 74.9 0.084
211 85 0.06
211 95.6 0.06
211 104.7 0.1016
211 114.6 0.06
211 124.5 0.085
211 133.8 0.08
211 149.5 0.1357
211 174.3 0.1787
211 201 0.2666
211 3.7 0.0147
211 19.2 0.0049
211 24.2 0.0068
211 74.1 0.0029
211 88.9 0.0127
211 99.6 0.0127
211 109.7 0.0381
211 124.5 0.0254
211 149.7 0.0439
211 174.5 0.0469
211 249.8 0.2911
212 4.2 0.09
212 48.4 0.07
212 63 0.07
212 90 0.06
212 110.7 0.07
212 161.3 0.13
212 180 0.16
213 4.5 0.1
213 129.5 0.15
239 4.9 0.07
239 106.4 0.07
240 5 0.07
240 43.1 0.04
240 57.9 0.03
240 75.3 0.03
240 98.7 0.06
240 136.5 0.18
240 218.8 0.43
240 210.1 0.31
240 224.9 0.37
240 235.6 0.4
240 4.7 0.0488
240 14.3 0.0459
240 25 0.0586
240 44.3 0.0566
240 60.3 0.0186
240 74.4 0.0332
240 84.3 0.05
240 89.3 0.04
240 94.7 0.04
240 100.2 0.03
240 105.2 0.043
240 114.8 0.06
240 124.8 0.1123
240 135.4 0.13
240 149.6 0.207
240 160 0.19
240 173.3 0.2236
240 184.8 0.24
240 201 0.3262
269 4.9 0.11
269 119.9 0.17
270 4.4 0.04
270 27.4 0.0381
270 42.5 0.0371
270 49 0.0166
270 70.2 0.0469
270 87.6 0.0469
270 110.5 0.1699
270 196.6 0.3673
270 249 0.57
270 4.8 0.0527
270 14.7 0.0449
270 24.5 0.044
270 44.3 0.041
270 73.9 0.0264
270 99.5 0.0478
270 124.8 0.0732
270 173.6 0.1895
270 199.9 0.19
270 210.3 0.22
270 224.4 0.32
270 233.4 0.39
270 248.7 0.48
270 5 0.0508
270 14.1 0.0723
270 24.8 0.0713
270 35 0.0459
270 45.5 0.04
270 60.4 0.0391
270 74.5 0.0273
270 85 0.05
270 93.9 0.06
270 104.1 0.0527
270 114.4 0.06
270 124 0.1045
270 134.1 0.12
270 149.1 0.2
270 160.5 0.18
270 174.4 0.1914
270 185.1 0.19
270 200.5 0.2031
270 5.2 0.0645
270 14.9 0.0606
270 24.5 0.0527
270 44.9 0.0352
270 74.7 0.043
270 100.2 0.0928
270 125.6 0.2315
270 150.1 0.208
270 2.5 0.0606
270 9.9 0.0527
270 19.7 0.0527
270 29.7 0.0459
270 38.8 0.041
270 48.8 0.0381
270 59.7 0.0518
270 69.5 0.0635
270 80.1 0.0615
270 89.4 0.0644
270 123.8 0.2207
270 149.8 0.2315
270 4.3 0.0713
270 13.8 0.0684
270 24.3 0.0723
270 44.8 0.0674
270 75.8 0.0498
270 105 0.0947
270 125.6 0.1094
270 150.7 0.2031
270 4.4 0.0762
270 25.2 0.0742
270 44.3 0.0625
270 75.2 0.0488
270 99.2 0.0732
270 124.4 0.083
270 149.2 0.1729
270 175.8 0.2422
270 4.2 0.0664
270 24.8 0.0508
270 45.2 0.0459
270 74 0.0478
270 100 0.0635
270 124.6 0.1328
270 149.4 0.2217
270 174.5 0.2471
271 4.2 0.0576
271 14.6 0.0596
271 24.7 0.0615
271 44.3 0.0439
271 75 0.0732
271 104.5 0.1611
271 124.1 0.2041
271 5.2 0.0664
271 24.3 0.0508
271 43.3 0.044
271 73.8 0.0469
271 98.8 0.0645
271 125.4 0.1494
271 150.9 0.2188
271 174.3 0.208
271 4.9 0.0547
271 24.8 0.044
271 44.2 0.0488
271 74.6 0.0498
271 99.3 0.0703
271 124.9 0.1934
271 149.7 0.2061
271 174.3 0.2403
299 4.5 0.04
299 104.9 0.06
299 4.8 0.02
299 67.5 0.04
299 83.6 0.01
299 113.8 0.03
299 139.6 0.1
299 165.8 0.12
299 227.5 0.42
299 5.1 0.0479
299 25 0.0898
299 44.7 0.0518
299 75.3 0.0605
299 99.5 0.1064
299 124.5 0.1445
299 149.3 0.1426
299 174.5 0.3848
299 4.6 0.0254
299 24.5 0.0371
299 44.8 0.0283
299 75.4 0.0303
299 99.4 0.0937
299 124.4 0.1357
299 149.6 0.2822
299 174.7 0.4952
300 4.4 0.0605
300 24.9 0.0518
300 44.7 0.0488
300 74.8 0.042
300 100.3 0.0879
300 123.7 0.0703
300 150.7 0.1689
300 174.8 0.1768
300 199.4 0.32
300 224.9 0.46
300 4.6 0.0332
300 13.6 0.0244
300 24.4 0.0225
300 44.3 0.0195
300 59.4 0.0264
300 84.9 0.04
300 104.1 0.0352
300 114.9 0.04
300 124.8 0.0801
300 134.7 0.06
300 149.1 0.0781
300 158.3 0.1
300 174.3 0.1533
300 185 0.15
300 199.6 0.4278
300 9.9 0.0205
300 19.8 0.0107
300 39.5 0.0059
300 69.7 0.0078
300 99.8 0.0605
300 110 0.0557
300 140.1 0.1094
300 174.5 0.2149
300 4.8 0.0225
300 24.5 0.0049
300 45.2 0.0205
300 100.5 0.0459
300 124.6 0.0996
300 150.3 0.1133
300 175.7 0.1455
300 4.8 0.0332
300 25 0.0352
300 44.6 0.0322
300 74.1 0.0381
300 99.8 0.0381
300 119.9 0.0645
300 149.5 0.1797
300 169.8 0.1436
300 5.3 0.0322
300 24.8 0.1104
300 44.5 0.0273
300 74.6 0.0244
300 99.8 0.04
300 124.9 0.0859
300 148.8 0.1357
300 175.7 0.3086
300 5.1 0.0586
300 24.6 0.04
300 44.7 0.0342
300 75.2 0.0391
300 100.2 0.0928
300 125.5 0.166
300 150.3 0.377
300 173 0.4444
301 5.2 0.041
300 25.3 0.041
300 44.9 0.0342
300 74.8 0.041
300 94.3 0.1133
300 125.6 0.2295
300 149.5 0.3252
300 174.6 0.4669
301 3.4 0.041
301 100 0.0889
301 174.2 0.2823
320 4.9 0.08
320 133 0.19
320 5 0.07
320 53.7 0.07
320 62.4 0.06
320 77.6 0.08
320 95 0.12
320 125.1 0.14
320 200.7 0.26
320 230.5 0.41
320 4.3 0.0283
320 25.1 0.0225
320 44.8 0.0264
320 74.5 0.0225
320 99.3 0.0684
320 124.6 0.0889
320 149.9 0.1514
320 175.7 0.2168
320 5.1 0.041
320 25.2 0.0361
320 44.6 0.0322
320 74.5 0.0371
320 99.3 0.0869
320 124.7 0.1094
320 150.1 0.1699
320 174.1 0.2451
321 4.7 0.1025
321 25.5 0.04
321 44.6 0.043
321 74.3 0.0439
321 100.8 0.1182
321 124.9 0.1504
321 149.6 0.2197
321 174.5 0.2686
321 234.9 0.46
321 249.7 0.55
321 5 0.0381
321 14.1 0.043
321 24 0.0381
321 34.5 0.0391
321 44.3 0.0352
321 60.9 0.0361
321 74.5 0.041
321 85.5 0.08
321 94.1 0.1
321 104.3 0.1172
321 114.3 0.16
321 125 0.165
321 134.5 0.18
321 149.9 0.21
321 175.1 0.2627
321 200.8 0.3741
321 59.6 0.042
321 99.2 0.0762
321 121.2 0.1904
321 149.9 0.1787
321 174.4 0.21
16 4.5 0.12
16 149.6 0.21
16 5 0.1
16 41.6 0.1
16 91.3 0.09
16 114.8 0.18
16 155.3 0.2
16 174.3 0.22
17 209.6 0.27
17 224.5 0.32
17 234.5 0.36
17 4.6 0.0586
17 14.5 0.0703
17 24.9 0.0645
17 34.8 0.0645
17 44.8 0.0625
17 59.6 0.0498
17 74.6 0.0537
17 84.3 0.07
17 94.4 0.07
17 104.4 0.0967
17 114.4 0.15
17 124.8 0.1553
17 134.9 0.18
17 149.5 0.166
17 160 0.19
17 174.4 0.2139
17 184.4 0.22
17 200.3 0.2901
86 8.9 0.1
86 49.7 0.1
86 68.7 0.08
86 95 0.1
86 154.5 0.25
86 200 0.37
86 233.4 0.56
87 208.1 0.49
87 225 0.59
87 234.3 0.63
87 249.3 0.73
87 4.8 0.0674
87 13.1 0.0654
87 24.4 0.0713
87 34 0.0635
87 44.3 0.0713
87 58.8 0.0674
87 72.8 0.0488
87 84.4 0.0508
87 95.2 0.07
87 104.6 0.07
87 114.7 0.0918
87 123.7 0.1309
87 134 0.16
87 148.7 0.2529
87 173 0.2881
87 199.6 0.379
114 4.2 0.11
114 162.7 0.22
114 4.5 0.1
114 76.6 0.09
114 100.6 0.1
114 115 0.1
114 130.4 0.07
114 155.8 0.16
114 171.4 0.2
115 225 0.3
115 234.2 0.31
115 249.4 0.47
115 2.2 0.0508
115 4.6 0.0508
115 14.9 0.044
115 23.6 0.0469
115 34.3 0.0567
115 44.1 0.0459
115 59 0.0361
115 74.1 0.044
115 84.4 0.09
115 94.2 0.08
115 104.1 0.0469
115 114.8 0.09
115 123.9 0.0381
115 134.5 0.08
115 150.5 0.0488
115 174.5 0.1641
115 200.8 0.2
143 4.3 0.07
143 125.4 0.12
143 210.1 0.23
143 225.3 0.28
143 236.2 0.28
143 249.6 0.32
143 5.1 0.0713
143 15.3 0.0664
143 24.6 0.0654
143 35.1 0.0674
143 44.5 0.0791
143 61.1 0.0537
143 75.1 0.0537
143 85 0.06
143 94.3 0.06
143 105.1 0.0742
143 116.3 0.11
143 125 0.0918
143 134.8 0.13
143 149 0.1426
143 175.1 0.1504
143 202.1 0.1445
144 4.4 0.12
144 21 0.12
144 30.2 0.11
144 43.7 0.09
144 94.5 0.14
144 101.3 0.13
144 119.9 0.11
144 158.9 0.14
144 231.9 0.35
144 4.7 0.12
144 114.8 0.12
177 4.6 0.09
177 184 0.12
177 5 0.13
177 48.5 0.13
177 60.3 0.08
177 80.4 0.05
177 90.1 0.05
177 131.1 0.07
177 159.9 0.1
177 203.8 0.2
178 210 0.18
178 225 0.22
178 234.8 0.25
178 4 0.0801
178 14.7 0.0772
178 24.6 0.0811
178 35.2 0.0752
178 45 0.0361
178 59.3 0.0137
178 74.4 0.0098
178 84.5 0.0137
178 94.9 0.0176
178 104.7 0.0312
178 114.5 0.0391
178 124.1 0.043
178 134 0.0566
178 150 0.0674
178 159 0.0879
178 174.6 0.0869
178 184.6 0.083
178 200.9 0.1162
208 4.7 0.07
208 89.3 0.07
208 4.5 0.08
208 14.8 0.08
208 44.8 0.08
208 55 0.05
208 89.8 0.04
208 134.4 0.08
208 173.9 0.15
208 185.7 0.17
208 208 0.23
209 9.5 0.07
209 140.3 0.13
209 209.6 0.22
209 224.9 0.23
209 234.7 0.24
209 249.9 0.35
209 4.5 0.09
209 14.4 0.0645
209 24.3 0.09
209 33.9 0.0742
209 44.6 0.0762
209 58.9 0.0733
209 74.8 0.07
209 84.5 0.0547
209 95.1 0.04
209 103.8 0.0498
209 113.7 0.0527
209 124.2 0.07
209 134.2 0.07
209 150.2 0.0908
209 174.3 0.16
209 199.9 0.2129
233 4.7 0.1
233 149.6 0.16
233 4.7 0.09
233 51.1 0.07
233 64.1 0.06
233 76.1 0.06
233 84.1 0.07
233 128.4 0.11
233 147.8 0.13
233 190.2 0.19
234 224.4 0.25
234 234.4 0.3
234 249 0.43
234 5.2 0.0274
234 14.8 0.0313
234 25.2 0.0244
234 34.6 0.0283
234 44.9 0.0283
234 59.8 0.0078
234 74.5 0.0029
234 84.6 0.04
234 95 0.06
234 104.4 0.0449
234 114.2 0.08
234 125.3 0.1006
234 135.7 0.12
234 150.4 0.0898
234 176 0.1426
234 199.8 0.1924
275 4.6 0.04
275 79.4 0.04
275 4.8 0.06
275 24.9 0.06
275 54.4 0.05
275 70 0.04
275 85.5 0.04
275 109.8 0.06
275 115.2 0.06
275 169.4 0.22
276 210.2 0.28
276 223.6 0.37
276 233.3 0.44
276 249 0.51
276 3.8 0.0303
276 14.2 0.0264
276 24.2 0.0273
276 34.9 0.0146
276 43.6 0.0146
276 59.6 0.0225
276 73.8 0.0107
276 84.6 0.04
276 94.5 0.05
276 103.7 0.0488
276 115.3 0.1
276 124.3 0.1133
276 134.8 0.07
276 148.7 0.125
276 159.4 0.18
276 175.1 0.2051
276 183.8 0.22
276 199.9 0.2461
303 4.8 0.05
303 86.7 0.07
303 92.9 0.07
304 4.1 0.09
304 25.2 0.05
304 52.6 0.04
304 58.3 0.04
304 61.2 0.05
304 72.7 0.06
304 130.3 0.2
304 200.1 0.39
304 4.2 0.05
304 80.2 0.06
304 188.6 0.23
304 209.8 0.27
304 224.3 0.36
304 234 0.39
304 249.6 0.48
304 4.3 0.05
304 14.7 0.05
304 24.2 0.05
304 34.9 0.05
304 43.7 0.05
304 59.6 0.05
304 74.1 0.06
304 84.4 0.05
304 95.4 0.08
304 104.4 0.1
304 114.2 0.12
304 123.8 0.14
304 135.2 0.17
304 149.7 0.21
304 175.2 0.23
304 201.3 0.26
304 10 0.0283
304 14.8 0.0244
304 24.3 0.0117
304 30.1 0.0195
304 34.6 0.0186
304 39.9 0.0244
304 43.7 0.0195
304 63.1 0.0894
304 83.5 0.125
304 104 0.1533
304 123.5 0.1592
304 174.2 0.3126
345 4.5 0.05
345 110.2 0.08
345 4.9 0.03
345 74.9 0.03
345 99.9 0.07
345 114 0.09
345 128.4 0.13
345 227.8 0.39
346 224.6 0.36
346 234.4 0.38
346 249 0.44
346 4.3 0.0166
346 14.6 0.0156
346 24.2 0.0127
346 35 0.0127
346 44.5 0.0117
346 59.5 0.0127
346 74.2 0.0127
346 83.9 0.03
346 95.7 0.03
346 105.1 0.0474
346 114.6 0.1
346 125 0.0889
346 135.4 0.11
346 149.4 0.1504
346 174.7 0.2334
346 199.9 0.3194
7 4.6 0.07
7 143.7 0.15
7 5.1 0.09
7 25.3 0.08
7 57.4 0.11
7 100.8 0.17
7 152.6 0.24
7 224.6 0.41
8 4.4 0.08
8 120.1 0.17
8 235.3 0.4
8 250 0.49
8 4.3 0.0273
8 14.2 0.0283
8 24.3 0.0283
8 34.4 0.0283
8 44.2 0.0303
8 59.3 0.0488
8 75 0.0566
8 84.8 0.11
8 94.4 0.11
8 104.5 0.0767
8 114.1 0.15
8 124.9 0.1191
8 134.9 0.18
8 149.9 0.1523
8 175 0.2031
8 199.8 0.2442
48 4.7 0.07
48 214.4 0.16
48 4 0.08
48 50.1 0.08
48 110.8 0.07
48 175.4 0.11
48 203.7 0.2
48 224.1 0.23
49 4.4 0.08
49 200.2 0.15
49 225.8 0.21
49 234.6 0.22
49 4.5 0.0371
49 15.2 0.0381
49 24.5 0.0391
49 33.9 0.04
49 44.4 0.0352
49 60.1 0.0342
49 74.5 0.0381
49 84.4 0.07
49 94.2 0.07
49 104.7 0.0459
49 114.4 0.07
49 124.5 0.0361
49 135.8 0.07
49 150 0.0342
49 174.1 0.0654
49 200.6 0.1514
70 4.4 0.09
70 73 0.09
70 4.7 0.05
70 74.8 0.05
70 86.8 0.05
70 119.7 0.1
70 156.5 0.19
70 227.1 0.35
71 210 0.34
71 225.1 0.45
71 234.4 0.49
71 249.2 0.56
71 4.5 0.0167
71 14.5 0.0142
71 24.8 0.0129
71 35.5 0.0211
71 44.6 0.0096
71 59.9 0.0193
71 75.2 0.0216
71 85.5 0.06
71 95 0.06
71 105 0.0341
71 115.4 0.09
71 124.2 0.0599
71 134.9 0.11
71 150.2 0.1285
71 174.6 0.2426
71 201.2 0.2874
98 4.8 0.08
98 60.7 0.09
98 9.3 0.07
98 49.9 0.07
98 77.7 0.13
98 129.1 0.23
98 149.5 0.3
98 190 0.47
98 226 0.63
99 224.1 0.58
99 234.8 0.59
99 249.6 0.64
99 5.1 0.0165
99 15.2 0.0165
99 25.4 0.0145
99 34.9 0.0129
99 44.3 0.0143
99 60.1 0.0337
99 75 0.1064
99 85.1 0.16
99 95 0.22
99 105.1 0.2081
99 115.1 0.27
99 125 0.2662
99 134.8 0.31
99 149.9 0.3585
99 175.1 0.4424
99 200.1 0.531
126 5.5 0.09
126 150.4 0.12
126 4.4 0.12
126 56 0.1
126 104.9 0.1
126 137 0.09
126 146.7 0.12
126 200.8 0.22
127 225.4 0.26
127 234.3 0.27
127 249 0.32
127 4.2 0.0472
127 14.7 0.0471
127 25 0.0498
127 34.6 0.0473
127 45.3 0.048
127 59.9 0.04
127 74.6 0.0411
127 85 0.09
127 95.1 0.08
127 104.5 0.049
127 115.3 0.09
127 124.6 0.0466
127 134.4 0.11
127 149.1 0.0827
127 174.1 0.1279
127 199.8 0.1894
154 5.3 0.07
154 144.9 0.15
154 8.7 0.08
154 72.9 0.07
154 98.5 0.06
154 130.8 0.15
154 143.8 0.18
154 193.1 0.25
154 241.6 0.46
155 225.2 0.37
155 235.1 0.39
155 249.2 0.42
155 5.2 0.0392
155 15.3 0.041
155 24.7 0.0407
155 35.2 0.0406
155 45.6 0.0382
155 60.6 0.0379
155 75.4 0.032
155 85.1 0.07
155 94.9 0.05
155 104.6 0.0255
155 114.6 0.05
155 124.6 0.0655
155 134.8 0.17
155 149.3 0.148
155 175 0.1816
155 199.9 0.2533
189 162.2 0.12
189 4.6 0.05
189 54.5 0.03
189 74.7 0.04
189 90.2 0.03
189 119.4 0.06
189 185 0.17
189 205.3 0.19
190 225.6 0.26
190 235.4 0.3
190 5.1 0.0293
190 14.8 0.0298
190 24.4 0.0304
190 35.8 0.0287
190 45.3 0.0282
190 59.4 0.0259
190 75.3 0.034
190 84 0.04
190 94.3 0.05
190 104.3 0.0467
190 115 0.07
190 124.3 0.0893
190 134.5 0.11
190 150.1 0.1136
190 174.2 0.1694
190 200.3 0.2303
214 225 0.26
214 233.5 0.3
214 248.9 0.33
214 4.6 0.0176
214 14.3 0.0176
214 24.9 0.0195
214 35.3 0.0205
214 43.9 0.0156
214 59.9 0.0107
214 77.3 0.0098
214 85.1 0.04
214 94.7 0.05
214 101.7 0.0249
214 114.3 0.07
214 124.7 0.082
214 134.1 0.1
214 149.5 0.1465
214 175 0.1748
214 199.6 0.2491
215 4.9 0.07
215 51.3 0.06
215 90.4 0.05
215 130.7 0.07
215 141.6 0.1
215 190.5 0.21
215 227.7 0.25
215 4.8 0.07
215 77.2 0.05
268 209.3 0.21
268 224.9 0.27
268 232.9 0.29
268 249.9 0.37
268 4.5 0.0078
268 14 0.0078
268 25.2 0.0088
268 44.7 0.0078
268 59.6 0.0068
268 75.5 0.0078
268 84.6 0.04
268 93.9 0.04
268 104.6 0.0239
268 114.1 0.06
268 125 0.0537
268 149.6 0.0947
268 174.3 0.1641
268 198.4 0.1338
268 4.1 0.03
268 38.7 0.02
268 72.9 0.02
268 90 0.03
268 103.5 0.05
268 161.2 0.12
268 179 0.17
268 204.6 0.2
269 4.5 0.04
269 60.7 0.04
339 211.7 0.29
339 224.2 0.33
339 232.9 0.36
339 249.6 0.48
339 5.3 0.0293
339 14.6 0.0312
339 25.3 0.0293
339 33.2 0.0283
339 43.6 0.0283
339 59.4 0.0273
339 73.8 0.0293
339 84.5 0.05
339 95.3 0.05
339 106.7 0.0288
339 115.2 0.06
339 124.5 0.0498
339 134 0.08
339 148.7 0.1152
339 159.4 0.17
339 173.6 0.2188
339 185.2 0.24
339 200.3 0.2627
340 4.6 0.06
340 50.2 0.07
340 110.5 0.06
340 120.3 0.08
340 130.6 0.07
340 180 0.21
340 4.4 0.08
10 5.1 0.09
10 10.6 0.07
10 73.9 0.06
10 103.4 0.07
10 145.3 0.15
10 170 0.22
10 210.4 0.33
11 223.4 0.36
11 236.7 0.37
11 248.7 0.39
11 4.6 0.0371
11 14.7 0.0303
11 24.6 0.0254
11 34.6 0.0244
11 43.6 0.0264
11 59.1 0.0078
11 75.3 0.0098
11 84.9 0.03
11 94.8 0.04
11 104.3 0.0415
11 114.7 0.09
11 124.4 0.0713
11 134.7 0.12
11 149.4 0.1377
11 173.6 0.2237
11 201.8 0.3067
49 5.4 0.06
49 5.2 0.07
49 50.5 0.06
49 94 0.08
49 144.5 0.2
49 199.1 0.27
49 232.3 0.39
50 224.5 0.5
50 234.3 0.52
50 249.4 0.61
50 5.1 0.0205
50 13.8 0.0215
50 24.5 0.0195
50 34.9 0.0186
50 44.6 0.0176
50 59.5 0.0156
50 74 0.0186
50 84.6 0.08
50 94.5 0.09
50 105.2 0.062
50 116.1 0.15
50 125.8 0.1074
50 135 0.18
50 149 0.1553
50 174.2 0.1973
50 199.8 0.2413
76 4.9 0.06
76 110.7 0.08
76 5 0.11
76 24.5 0.11
76 66.7 0.09
76 124.2 0.1
76 175 0.27
76 249 0.44
77 208.7 0.29
77 225.3 0.38
77 236 0.45
77 248.4 0.5
77 4.1 0.0361
77 14.8 0.0391
77 25.7 0.0361
77 34.9 0.0293
77 44.9 0.0244
77 59.7 0.0264
77 74.6 0.0342
77 85 0.09
77 94.5 0.08
77 105.1 0.0435
77 114.7 0.1
77 124.6 0.0459
77 134.1 0.09
77 149.3 0.0664
77 174.8 0.1846
77 200.8 0.2598
104 3.6 0.06
104 51.7 0.06
104 97.3 0.05
104 120.2 0.03
104 181.6 0.2
104 247.8 0.41
104 9.7 0.06
105 213.8 0.31
105 223.6 0.35
105 235.9 0.42
105 5.1 0.0352
105 14.1 0.0342
105 25.1 0.0352
105 34.1 0.0332
105 45.5 0.0322
105 60.3 0.0332
105 74.3 0.0332
105 84.6 0.08
105 94.1 0.07
105 104.3 0.0298
105 114.2 0.07
105 124.9 0.0303
105 148.8 0.042
105 177.1 0.041
105 205.1 0.2119
132 5.2 0.08
132 50 0.07
132 92.5 0.07
132 126.2 0.09
132 169 0.14
132 200 0.2
132 249.3 0.41
133 225.4 0.22
133 236.6 0.26
133 4.4 0.0654
133 14.8 0.0654
133 24.9 0.0664
133 35.1 0.0615
133 44.7 0.0557
133 59.8 0.0508
133 74.6 0.0586
133 85.8 0.05
133 94.7 0.05
133 104.8 0.06
133 115.4 0.07
133 125.2 0.0537
133 134.1 0.11
133 151 0.124
133 174.8 0.1602
133 201.9 0.209
167 5 0.07
167 77.1 0.06
168 5.2 0.12
168 47.8 0.07
168 84.8 0.05
168 115.2 0.05
168 174.8 0.16
168 243.9 0.37
168 5.6 0.0762
168 14.9 0.0801
168 25.3 0.0791
168 35.7 0.0771
168 45.9 0.0644
168 60.4 0.0586
168 74.7 0.0566
168 84.9 0.06
168 95.1 0.05
168 105.4 0.0596
168 115.9 0.08
168 125.8 0.0908
168 135.5 0.11
168 150.4 0.1494
168 160 0.15
168 175.4 0.1855
168 202.1 0.2402
168 225.7 0.23
168 235.7 0.3
196 5.7 0.08
196 5.1 0.04
196 30.2 0.04
196 55.5 0.03
196 74.7 0.04
196 82 0.04
196 129.5 0.13
196 208.6 0.31
196 5.6 0.0234
196 14.5 0.0283
196 25.3 0.0244
196 36 0.0273
196 45.2 0.0264
196 61.1 0.0498
196 75.6 0.0625
196 84.8 0.07
196 95.7 0.07
196 105.4 0.0435
196 114.9 0.05
196 125.4 0.083
196 135.6 0.1
196 150.8 0.1455
196 174.5 0.1885
196 200.6 0.2246
196 210.2 0.34
196 224.9 0.3
196 234.6 0.36
196 249.7 0.48
222 210.5 0.21
222 225.3 0.31
222 235.3 0.36
222 250 0.46
222 5.3 0.0635
222 15.1 0.0693
222 25.8 0.0703
222 35.5 0.0781
222 46.1 0.1016
222 60.6 0.1133
222 75.1 0.1201
222 85.3 0.14
222 95.2 0.14
222 105.6 0.1142
222 114.7 0.11
222 125.4 0.1338
222 136.3 0.15
222 150.2 0.1211
222 176 0.2158
222 199.7 0.2412
223 4.9 0.07
223 9.8 0.09
223 43.1 0.08
223 90.3 0.1
223 150.6 0.1
223 155.9 0.14
223 216.4 0.29
223 5.8 0.09
271 210 0.2
271 225.4 0.23
271 234.7 0.23
271 5 0.043
271 15.8 0.043
271 25.9 0.043
271 35.8 0.042
271 45.7 0.04
271 59.8 0.04
271 75 0.043
271 85.8 0.08
271 94.8 0.09
271 105.5 0.0649
271 115.5 0.1
271 125.7 0.0791
271 135.3 0.1
271 149.9 0.1074
271 175.5 0.1494
271 200.7 0.1377
272 5.7 0.1
272 81.1 0.09
272 122.3 0.12
272 181.9 0.17
272 5.5 0.11
291 5.6 0.06
291 5.9 0.04
291 60.9 0.05
291 78.2 0.07
291 109.4 0.06
291 146 0.06
291 149.6 0.06
292 210.4 0.23
292 224.4 0.25
292 235 0.33
292 4.8 0.0381
292 14.9 0.0391
292 25.4 0.0478
292 35 0.042
292 45.1 0.041
292 60.1 0.0352
292 74.8 0.0537
292 85.8 0.09
292 95.4 0.08
292 105.2 0.0356
292 115 0.07
292 125.7 0.0801
292 134.9 0.12
292 149.9 0.0977
292 175.2 0.1328
292 200.2 0.2178
314 5.8 0.03
314 45.4 0.04
314 76.6 0.03
314 104.4 0.04
314 141.5 0.12
314 191.3 0.22
315 211.1 0.44
315 226.1 0.49
315 233.7 0.56
315 5.5 0.0381
315 15.6 0.0361
315 25.7 0.0361
315 35.6 0.0361
315 45.7 0.0342
315 60.4 0.0332
315 75.7 0.0312
315 85.6 0.05
315 95.5 0.05
315 105.3 0.0581
315 115.5 0.08
315 125.5 0.1025
315 135.4 0.12
315 150.7 0.1875
315 175.4 0.2793
315 201.3 0.4064
342 6 0.09
342 5.2 0.1
342 50.7 0.09
342 101.1 0.09
342 136.2 0.15
342 154.1 0.16
342 189.9 0.15
342 230.6 0.17
343 214 0.14
343 226.1 0.16
343 235.5 0.14
343 5.9 0.0488
343 15.7 0.0488
343 25.7 0.0488
343 30.2 0.0478
343 45.8 0.0478
343 60 0.0508
343 75.6 0.0517
343 85.6 0.06
343 95.8 0.06
343 105.6 0.0635
343 115 0.11
343 126.3 0.1055
343 136.7 0.12
343 150.9 0.1348
343 175.5 0.1338
343 200.2 0.1416
12 10.3 0.1
12 5.4 0.1
12 51 0.11
12 101.5 0.11
12 165.7 0.18
12 202.3 0.22
13 210.6 0.31
13 225.6 0.32
13 234.6 0.35
13 5.2 0.0693
13 15 0.0664
13 24.9 0.0576
13 35.8 0.0703
13 44.9 0.0713
13 59.5 0.0674
13 74.6 0.0703
13 84.8 0.11
13 94.9 0.12
13 105.4 0.0727
13 114.4 0.15
13 125.6 0.0791
13 133.6 0.12
13 150 0.0996
13 175.6 0.1396
13 199.7 0.165
48 5.7 0.09
48 61.3 0.08
48 121.7 0.07
48 168.8 0.24
48 201.4 0.32
48 243.7 0.4
49 5.9 0.08
49 210.6 0.29
49 225.5 0.3
49 235.6 0.32
49 5.1 0.0527
49 16.1 0.0537
49 26.1 0.0537
49 35.2 0.0537
49 45.5 0.0537
49 60.9 0.0644
49 76.1 0.0566
49 85.9 0.13
49 96.7 0.12
49 105.6 0.0557
49 115.9 0.12
49 126 0.0391
49 135.5 0.13
49 150.8 0.1592
49 175.6 0.209
49 201.1 0.2364
75 10.4 0.09
75 5.4 0.13
75 51.6 0.11
75 93.4 0.09
75 140.5 0.05
75 179.9 0.22
75 239.1 0.34
76 209.7 0.21
76 225.1 0.23
76 235.8 0.26
76 5.3 0.0674
76 15.7 0.0684
76 25.7 0.0684
76 33.8 0.0693
76 45.4 0.0703
76 60.7 0.0684
76 75.3 0.0576
76 85.8 0.08
76 94.1 0.1
76 105.5 0.0693
76 115.1 0.08
76 125.6 0.0547
76 135.8 0.07
76 150.6 0.0664
76 176.3 0.1865
76 203.1 0.2168
103 4.7 0.12
103 4.8 0.16
103 40.5 0.15
103 90 0.13
103 121.8 0.12
103 159.4 0.11
103 220.1 0.21
104 5.3 0.13
104 179.9 0.13
104 209.4 0.13
104 225.2 0.15
104 235 0.24
104 249.7 0.3
104 4.7 0.0703
104 14.9 0.0625
104 25.1 0.0605
104 35.4 0.0615
104 45.3 0.0615
104 59 0.0615
104 75.1 0.0625
104 85 0.13
104 95.4 0.14
104 104.2 0.0649
104 114.2 0.15
104 124 0.0605
104 135.6 0.13
104 149.4 0.0488
104 174.5 0.0459
104 199.1 0.0635
129 12.7 0.08
129 6.7 0.09
129 58.6 0.08
129 100.6 0.09
129 135.1 0.21
129 165.6 0.34
129 197.4 0.48
130 209.6 0.51
130 226.7 0.53
130 236.8 0.54
130 5.3 0.0439
130 15.1 0.0439
130 24.6 0.0459
130 34.9 0.0439
130 44.8 0.0439
130 59.7 0.04
130 75.7 0.0449
130 85.8 0.08
130 95.3 0.07
130 104.6 0.0537
130 114.7 0.08
130 124.9 0.0683
130 135.2 0.16
130 150.1 0.1924
130 177.2 0.338
130 197.8 0.424
194 4.9 0.15
194 55.2 0.11
194 116.1 0.08
194 167.9 0.09
194 205.2 0.12
194 247.7 0.23
194 5.2 0.09
194 195.9 0.08
195 209.4 0.07
195 224.3 0.08
195 234.8 0.11
195 248.5 0.17
195 4.3 0.0742
195 14.6 0.0762
195 24.7 0.0762
195 33.8 0.0752
195 44.4 0.0742
195 59.4 0.0625
195 73.9 0.0713
195 84 0.11
195 95 0.11
195 104.6 0.0757
195 113.8 0.13
195 124.2 0.1074
195 134.3 0.14
195 149.5 0.0849
195 174.2 0.0517
195 200.5 0.0488
225 4.6 0.07
225 4.5 0.07
225 19.3 0.07
225 59.2 0.09
225 64.4 0.1
225 99.4 0.14
225 196.3 0.43
226 210.4 0.45
226 223.8 0.49
226 234.8 0.59
226 4.6 0.04
226 14 0.0381
226 25 0.0391
226 34.6 0.043
226 44.4 0.0352
226 60 0.0791
226 75 0.0928
226 84.2 0.13
226 94.7 0.13
226 104.7 0.1436
226 114.6 0.23
226 124.5 0.1738
226 134.6 0.28
226 149.7 0.3819
226 174.6 0.3477
226 201.3 0.3907
287 4.8 0.09
287 4.3 0.09
287 39.3 0.13
287 79.8 0.14
287 98.9 0.1
287 137 0.17
287 195.7 0.21
287 224.8 0.32
288 210.3 0.26
288 224.7 0.29
288 235.3 0.33
288 249.6 0.32
288 5 0.0615
288 15.1 0.0605
288 24.6 0.0625
288 34.9 0.0645
288 44.2 0.0635
288 59.4 0.0635
288 74.1 0.0625
288 84.5 0.1
288 94.5 0.07
288 105.3 0.1006
288 114.5 0.07
288 123.8 0.042
288 134.2 0.14
288 149.7 0.1553
288 174.9 0.1845
288 200 0.1963
312 4.8 0.08
312 4.3 0.04
312 9.1 0.03
312 78.4 0.04
312 93.8 0.05
312 115.6 0.1
312 165.2 0.19
312 191.9 0.27
312 218.2 0.35
313 210.1 0.23
313 224.3 0.25
313 234.2 0.27
313 249.1 0.35
313 5.3 0.0342
313 14.9 0.0381
313 25.3 0.0391
313 35 0.04
313 45.1 0.0391
313 60.1 0.042
313 74.9 0.0527
313 84.4 0.02
313 94.5 0.07
313 104.1 0.1216
313 114.5 0.14
313 124.4 0.1445
313 135 0.17
313 150.1 0.167
313 174.7 0.2197
313 199.5 0.2911
348 4.4 0.15
348 3.9 0.09
348 44.8 0.14
348 89.7 0.1
348 125 0.18
348 171 0.25
348 200 0.29
348 224.5 0.46
349 208.8 0.38
349 224.7 0.45
349 235.2 0.49
349 249.4 0.64
349 4.6 0.0654
349 14.9 0.0674
349 24.3 0.0518
349 34.5 0.0674
349 44.8 0.0654
349 59.6 0.0635
349 74.5 0.0596
349 84.3 0.1
349 93.8 0.1
349 104.6 0.0762
349 114.3 0.17
349 124.8 0.1269
349 135.3 0.2
349 149.6 0.1836
349 174.6 0.2363
349 200.4 0.2999
33 5 0.11
33 4.7 0.11
33 49.6 0.09
33 110.6 0.12
33 148.3 0.25
33 179.7 0.33
33 219.7 0.44
34 4.2 0.12
34 59 0.08
34 209.3 0.4
34 224 0.47
34 234.3 0.51
34 250 0.62
34 4.4 0.0478
34 14.3 0.0517
34 24.6 0.0488
34 34.7 0.0488
34 44.7 0.0332
34 59.7 0.0361
34 74.7 0.0371
34 104.5 0.043
34 124.3 0.0967
34 150.1 0.1729
34 175.2 0.2149
34 202 0.3321
60 5 0.12
60 97.8 0.15
60 149.1 0.2
60 178.9 0.21
60 226.6 0.31
61 208.6 0.32
61 222.9 0.3
61 234 0.34
61 249.4 0.44
61 4.5 0.0859
61 15.3 0.0781
61 25.1 0.085
61 34.3 0.0791
61 45.7 0.0791
61 59.4 0.082
61 75.6 0.0605
61 83.3 0.08
61 95.3 0.11
61 105.5 0.1113
61 113.8 0.14
61 124 0.1387
61 135 0.15
61 148.6 0.1289
61 174.5 0.1953
61 200.9 0.2217
88 4.4 0.12
88 45.2 0.09
88 89.6 0.07
88 124.5 0.11
88 170 0.22
88 199.4 0.23
88 237.8 0.4
89 4.2 0.08
89 100.2 0.06
89 209.4 0.24
89 224.7 0.3
89 235.6 0.37
89 4.6 0.0439
89 14.3 0.04
89 23.5 0.041
89 33.8 0.0391
89 44.7 0.042
89 59.7 0.043
89 74.2 0.0312
89 84.3 0.09
89 93.5 0.05
89 103.9 0.0303
89 115.1 0.04
89 125.2 0.0312
89 134 0.11
89 149.3 0.1357
89 174.8 0.1787
89 201.2 0.2119
116 4.4 0.09
116 5.2 0.15
116 45 0.13
116 140.1 0.2
116 204.8 0.3
117 209.4 0.41
117 224.5 0.41
117 234.1 0.42
117 249.4 0.4
117 4.9 0.0899
117 14.9 0.0899
117 25 0.0928
117 35.5 0.0918
117 44.7 0.0859
117 60.7 0.0859
117 75 0.0938
117 83.9 0.1
117 94.8 0.11
117 104 0.0991
117 114.2 0.08
117 124.6 0.0625
117 134.7 0.13
117 149.3 0.1074
117 174.2 0.2373
117 200.5 0.3076
144 5 0.08
144 33.3 0.06
144 59 0.05
144 75.8 0.02
144 124.6 0.06
144 159.9 0.13
144 202.2 0.16
144 249.4 0.24
145 209.1 0.29
145 224.3 0.32
145 234.2 0.33
145 249.3 0.39
145 4.9 0.085
145 15.1 0.1094
145 25.1 0.084
145 35 0.085
145 45.3 0.0801
145 59.8 0.0576
145 74.1 0.0439
145 84.9 0.0312
145 94.8 0.0532
145 104.2 0.0654
145 114 0.0654
145 124.2 0.0664
145 134.3 0.0713
145 150.2 0.0879
145 159.8 0.1113
145 175.1 0.1015
145 185.8 0.1094
145 199.4 0.1514
172 5.1 0.07
172 4.7 0.09
172 51.3 0.04
172 74.4 0.05
172 123.6 0.06
172 175.4 0.19
172 194.7 0.23
172 245.3 0.41
173 210.4 0.31
173 226.4 0.37
173 237.1 0.4
173 4.6 0.0625
173 14.4 0.0586
173 24.7 0.0625
173 34.3 0.0596
173 44.4 0.0586
173 59.7 0.041
173 74.8 0.0254
173 84.8 0.05
173 94.4 0.09
173 104.1 0.0395
173 115 0.05
173 124.9 0.04
173 134.4 0.06
173 149.8 0.084
173 174.5 0.1523
173 202 0.2236
207 5 0.03
207 4.1 0.07
207 46.8 0.07
207 69.6 0.07
207 115.3 0.08
207 169.4 0.21
207 220.4 0.39
208 209.3 0.35
208 223.5 0.41
208 234.3 0.45
208 249.5 0.5
208 4.5 0.0273
208 14.4 0.0215
208 23.4 0.0225
208 34.3 0.0205
208 45 0.0234
208 59.1 0.0205
208 75.1 0.0068
208 85.3 0.03
208 94.7 0.02
208 106 0.0161
208 114.1 0.04
208 124.4 0.0312
208 134 0.08
208 150.1 0.1328
208 174.7 0.2129
208 199.6 0.3145
235 5.9 0.03
235 1.9 0.05
235 2.4 0.08
235 9.9 0.05
235 44.2 0.05
235 82 0.07
235 89.8 0.07
235 117.9 0.07
235 134.5 0.09
235 192 0.22
236 5.1 0.07
236 91.4 0.07
236 209.1 0.31
236 224 0.34
236 234.8 0.39
236 5 0.0059
236 15.2 0.0059
236 24.9 0.0049
236 34.7 0.0039
236 44.9 0.0049
236 60 0.0186
236 73.9 0.0293
236 85.1 0.07
236 94.7 0.08
236 105.3 0.0278
236 114.8 0.1
236 126 0.082
236 134.9 0.14
236 149 0.1123
236 159.5 0.17
236 173.9 0.1748
236 185.4 0.24
236 201.1 0.2705
291 3.9 0.06
291 9.8 0.05
291 72.3 0.04
291 89.4 0.04
291 114.3 0.06
291 154.3 0.1
291 219.9 0.28
292 4.9 0.0195
292 24.9 0.0215
292 44.7 0.0176
292 75 0.0166
292 99.7 0.0186
292 115.1 0.0342
292 126 0.0498
292 151.3 0.1074
292 174.7 0.1377
292 200.7 0.27
334 5.1 0.09
334 4.9 0.1
334 50.4 0.09
334 99.3 0.11
334 124.5 0.17
334 192.5 0.24
335 4.6 0.082
335 14.8 0.12
335 25.2 0.0791
335 35 0.11
335 44.8 0.0811
335 60.1 0.1
335 74.5 0.0498
335 99.6 0.0547
335 114.1 0.083
335 125.1 0.0947
335 150.1 0.1269
335 174.6 0.1611
335 201 0.25
335 225.2 0.32
354 4.7 0.08
354 3.9 0.13
354 49.6 0.11
354 104.1 0.06
354 126.7 0.08
354 179.9 0.2
354 224.4 0.31
355 4.6 0.0938
355 15.1 0.12
355 23.9 0.0908
355 34.5 0.12
355 45.3 0.0879
355 58.9 0.12
355 72.8 0.0742
355 99.3 0.0332
355 116.8 0.0508
355 122.2 0.0488
355 150.4 0.0674
355 172.3 0.1006
355 199.6 0.18
16 4.1 0.11
16 3.4 0.11
16 48.3 0.12
16 99 0.05
16 148.9 0.12
16 208.3 0.23
16 244.1 0.31
17 4.2 0.0801
17 13.6 0.13
17 23.3 0.0771
17 33.7 0.12
17 43.2 0.0859
17 58.1 0.12
17 74.1 0.0752
17 98.4 0.042
17 114 0.0332
17 124.1 0.0244
17 148.5 0.0234
17 172.8 0.1221
17 198.9 0.22
45 4.3 0.07
46 4.2 0.0488
46 13.9 0.07
46 25 0.0488
46 33.8 0.07
46 43.9 0.0478
46 59.5 0.07
46 73.8 0.0361
46 99.1 0.0566
46 114.1 0.0986
46 123.2 0.123
46 151.3 0.2
46 173.8 0.2275
46 198.4 0.35
46 4.1 0.06
46 48 0.06
46 88 0.06
46 99.3 0.08
46 151.6 0.17
46 231.2 0.39
80 4.1 0.083
80 11.9 0.08
80 20.2 0.083
80 33.8 0.08
80 44.2 0.1016
80 58.9 0.06
80 73.4 0.04
80 98.6 0.0566
80 112.3 0.0547
80 124.6 0.0791
80 148.5 0.1318
80 164.2 0.21
80 174 0.2
80 4.1 0.13
80 2.9 0.14
80 73.3 0.07
80 98.6 0.06
80 147.6 0.18
80 198.6 0.22
80 223.6 0.28
80 249.4 0.41
82 4 0.09
82 3.8 0.11
82 23.6 0.11
82 98.8 0.06
82 123.9 0.03
82 134.1 0.04
82 149.4 0.09
82 183.4 0.2
82 214 0.27
82 246.5 0.41
107 3.7 0.12
107 3.7 0.08
107 44.3 0.06
107 78.4 0.07
107 128.1 0.03
107 163.2 0.09
107 214 0.21
108 3.2 0.0527
108 23.2 0.0459
108 33.8 0.1
108 43.9 0.0478
108 59.3 0.09
108 74.1 0.0469
108 83.8 0.09
108 114 0.0352
108 122.4 0.0381
108 148.2 0.0566
108 163.4 0.1
108 172.9 0.1162
108 199.5 0.16
136 4.8 0.14
136 8.9 0.11
136 19.5 0.09
136 59.1 0.05
136 104.4 0.05
136 124.2 0.06
136 169.6 0.27
136 216.4 0.42
137 4.8 0.0293
137 14.7 0.06
137 24.9 0.0244
137 34.2 0.05
137 44.6 0.0098
137 60 0.02
137 75 0.0137
137 99.3 0.0127
137 114.6 0.042
137 124.4 0.0596
137 149.8 0.1172
137 175.2 0.168
137 200.6 0.34
164 4 0.04
164 3.6 0.04
164 49 0.02
164 103.5 0.03
164 138.5 0.05
164 178.8 0.11
164 219.4 0.34
165 3.5 0.0244
165 24.2 0.0234
165 44 0.0176
165 73.9 0.0117
165 99.5 0.0127
165 114.6 0.0156
165 124.3 0.0166
165 173.5 0.1025
192 4.7 0.042
192 24.3 0.0381
192 44.6 0.0332
192 75.4 0.0195
192 99.9 0.0166
192 115.3 0.0205
192 124.3 0.0225
192 148.9 0.0449
192 174.5 0.0918
193 4.1 0.03
193 3.9 0.04
193 34.3 0.05
193 58.6 0.03
193 95.1 0.02
193 124.2 0.02
193 178.4 0.19
193 207.9 0.29
193 245 0.4
220 4.3 0.0117
220 24.9 0.0127
220 44.5 0.0166
220 74.3 0.0205
220 99.9 0.0332
220 115 0.0371
220 124.8 0.0508
220 149.6 0.0849
220 176.5 0.123
221 5.2 0.03
221 29.5 0.02
221 60.8 0.04
221 74.5 0.05
221 82.6 0.05
221 118 0.09
221 159.5 0.2
221 198.6 0.27
221 5 0.03
274 5.1 0.02
274 5.4 0.02
274 53.7 0.03
274 72.3 0.01
274 98.9 0.02
274 125.3 0.03
274 167.4 0.12
274 227.6 0.39
275 5.5 0.0117
275 25 0.0107
275 44.9 0.0098
275 75.4 0.0166
275 100.2 0.0351
275 115.7 0.0391
275 124.5 0.0547
275 150 0.0996
275 174.9 0.1689
295 4.6 0.03
295 4.4 0.04
295 64.9 0.04
295 92.6 0.05
296 5.1 0.0088
296 25 0.0088
296 45.9 0.0088
296 75.7 0.0088
296 99.4 0.0352
296 114.5 0.0488
296 126.4 0.0713
296 148.9 0.1055
296 174.5 0.123
320 4.2 0.04
320 3.7 0.03
320 8.9 0.01
320 33.9 0.01
320 59.6 0.01
320 95.9 0.02
320 98.6 0.02
320 108.7 0.03
320 123.3 0.03
321 4.6 0.0312
321 24.3 0.0273
321 44.2 0.0371
321 74.5 0.0195
321 100.6 0.0303
321 115.1 0.0352
321 124.1 0.042
321 150.1 0.084
321 175.5 0.127
349 3.9 0.0469
349 24 0.0518
349 44.8 0.0498
349 73.3 0.0742
349 99.1 0.1064
349 113 0.1211
349 124.1 0.1445
349 147.8 0.1601
349 175.9 0.2276
349 4.8 0.01
349 50.2 0.04
349 92.3 0.01
349 114.5 0.06
349 167.1 0.07
349 4.4 0.01
15 4.7 0.02
15 4 0.03
15 48.2 0.03
15 98.6 0.04
15 142.8 0.04
15 189.8 0.09
15 228.3 0.18
16 4.1 0.0439
16 24.6 0.0391
16 44.2 0.04
16 75.3 0.0381
16 97.9 0.042
16 113.5 0.042
16 124.2 0.0566
16 149 0.0869
16 174.7 0.1025
51 4.8 0.02
51 3.9 0.04
51 24.3 0.03
51 44 0.05
51 75.2 0.05
51 115 0.1
51 125.7 0.06
51 213.6 0.36
52 4.3 0.04
52 25.5 0.042
52 44.1 0.0342
52 73.5 0.0352
52 98.7 0.1025
52 114.8 0.1123
52 123.7 0.1631
52 152.3 0.2002
52 172.6 0.2305
71 4.8 0.03
71 24.7 0.03
71 74.6 0.03
71 109.7 0.02
71 150.1 0.04
71 178.8 0.05
71 214.1 0.17
71 248.1 0.18
72 4.2 0.0391
72 24.8 0.0391
72 44.1 0.0351
72 74.5 0.0342
72 99.9 0.0371
72 114 0.041
72 125 0.084
72 148.5 0.126
72 175.2 0.1162
140 4.5 0.03
140 4 0.03
140 38.5 0.06
140 49.2 0.04
140 200.1 0.44
141 4.6 0.0703
141 24.3 0.0635
141 44.6 0.0322
141 74.4 0.0176
141 99.6 0.043
141 114.2 0.0332
141 123.6 0.0605
141 150.4 0.1309
141 174.9 0.253
180 27.2 0.02
180 4.4 0.02
180 55.3 0.05
180 69.2 0.06
180 109 0.07
180 144.1 0.08
180 234.3 0.46
181 4 0.0841
181 24.2 0.0824
181 44.3 0.0595
181 74.6 0.0405
181 100.3 0.0479
181 113.7 0.0737
181 124.2 0.1034
181 148.7 0.1843
181 174.7 0.3435
239 5.6 0.1
239 4.8 0.05
239 24.9 0.04
239 68.1 0.03
239 84.2 0.02
239 99.7 0.03
240 5.3 0.0614
240 25.4 0.0584
240 44.6 0.051
240 75.4 0.0443
240 99.4 0.0484
240 115.3 0.0581
240 124.8 0.0532
240 150.3 0.1116
240 174.1 0.1725
279 4.4 0.04
279 9.7 0.04
279 66.1 0.03
279 84.6 0.03
279 124.6 0.03
280 4.9 0.0414
280 24.3 0.0413
280 44.3 0.0399
280 77.3 0.0092
280 98.7 0.054
280 112.5 0.0497
280 124.5 0.0658
280 149.1 0.0676
280 174.5 0.0918
307 5.1 0.01
307 15 0.03
307 73.8 0.03
307 81.6 0.01
307 110.8 0.05
308 4.6 0.0277
308 25.1 0.0283
308 35.4 0.0312
308 75.1 0.0541
308 100.8 0.0954
308 114.8 0.108
308 124.9 0.1274
308 149.2 0.2032
308 174.3 0.2328
328 9.5 0.02
328 8.8 0.01
328 51.4 0.02
328 96.5 0.02
328 220.7 0.21
329 3.7 0.0297
329 25.1 0.0296
329 43.7 0.0219
329 76.1 0.0234
329 97.7 0.06
329 112.1 0.0723
329 124.7 0.0555
329 146.3 0.1417
329 172.7 0.1661
352 4.8 0.02
352 10.4 0.02
352 54.3 0.03
352 102.8 0.09
352 124.8 0.14
352 173.9 0.28
352 210.9 0.29
352 248 0.46
353 5 0.0234
353 25 0.0253
353 34.5 0.0235
353 75.3 0.0226
353 100.5 0.0788
353 115.1 0.0752
353 124.5 0.1023
353 149.8 0.1202
353 174.9 0.1463
16 4.1 0.02
16 4.9 0.02
16 38.1 0.02
16 71.1 0.02
16 105 0.02
16 138.3 0.05
16 180.9 0.13
16 239.9 0.39
17 4.2 0.0243
17 24.9 0.0246
17 45.1 0.0247
17 74.6 0.0252
17 99.3 0.028
17 115.1 0.0481
17 124.9 0.0836
17 148.8 0.1231
17 174.3 0.1582
56 4.9 0.01
56 3.9 0.01
56 40.4 0.02
56 74.1 0.03
56 101.2 0.04
56 164.7 0.08
56 198.5 0.18
57 4.5 0.0344
57 24 0.032
57 44.7 0.0308
57 73.1 0.0362
57 99.2 0.0308
57 114 0.0328
57 126 0.0368
57 149.5 0.061
57 174.5 0.157
87 7.5 0.04
87 3.6 0.04
87 59.4 0.04
87 114.6 0.04
87 148.7 0.08
87 185.7 0.11
87 218.5 0.26
88 9.8 0.0249
88 25.7 0.025
88 44.8 0.0222
88 74 0.028
88 99.6 0.0312
88 112.7 0.0587
88 123.9 0.0724
88 149.3 0.1041
88 175.1 0.1941
113 3.9 0.03
113 4.1 0.03
113 57.9 0.06
113 83.5 0.07
113 197.8 0.41
113 240.4 0.61
114 4.9 0.0616
114 24.3 0.0627
114 44.4 0.0614
114 73.9 0.012
114 98.7 0.0284
114 114.2 0.0602
114 123.7 0.0652
114 149.4 0.1721
114 174.3 0.2271
140 4.3 0.03
140 4.1 0.05
140 33.7 0.06
140 76.9 0.03
140 112.3 0.03
140 244.9 0.57
141 4.6 0.0564
141 24.2 0.083
141 45.2 0.0593
141 74.2 0.0472
141 99.4 0.0501
141 113.4 0.0684
141 124.7 0.0753
141 148.9 0.1035
141 174.2 0.135
170 5 0.03
170 4.7 0.04
170 43.5 0.03
170 67.1 0.02
170 104.9 0.02
170 139.9 0.02
170 172.5 0.02
170 224.8 0.16
171 5.1 0.0459
171 24.9 0.0459
171 45.1 0.0422
171 74.8 0.0236
171 99.5 0.0538
171 115 0.0438
171 124.6 0.0447
171 149.6 0.0853
171 175.5 0.1001
200 4.5 0.03
200 5.2 0.02
200 39.1 0.02
200 75.1 0.02
200 104.9 0.03
200 224.9 0.46
201 4.8 0.0224
201 24.9 0.0222
201 45 0.0147
201 74.5 0.0129
201 98.7 0.0242
201 114.1 0.0301
201 124.8 0.0356
201 148.9 0.093
201 174 0.2334
232 4.8 0.02
232 5.3 0.04
232 43 0.04
232 82.6 0.02
232 109.3 0.05
232 142.1 0.05
232 200.3 0.17
233 4.5 0.0615
233 25.3 0.0642
233 44.7 0.0703
233 74.1 0.1132
233 100.1 0.0971
233 113.9 0.0962
233 123.7 0.1223
233 149.2 0.1719
233 174.9 0.1758
287 4.9 0.02
287 5.8 0.02
287 47.8 0.03
287 88.4 0.03
287 128.3 0.01
287 176.4 0.03
287 233.3 0.31
288 4.6 0.0375
288 25.2 0.0389
288 45.4 0.039
288 74.2 0.0552
288 100.5 0.0693
288 115.4 0.0798
288 125.5 0.0866
288 150.1 0.1122
288 174.9 0.1388
313 5.3 0.08
313 5 0.01
313 41.8 0.02
313 79 0.01
313 93.7 0.01
313 108.2 0.02
313 212.4 0.59
313 248.2 0.87
314 4.8 0.0142
314 24.2 0.0158
314 43.5 0.015
314 77.3 0.0161
314 99.4 0.0439
314 116.4 0.0779
314 124.5 0.1103
314 151.8 0.2329
314 175.2 0.3407
353 4.7 0.01
353 4.1 0.01
353 95.2 0.01
353 220.7 0.47
354 6.5 0.0214
354 24.1 0.0147
354 44.9 0.0148
354 75.4 0.0177
354 100.5 0.0679
354 115.1 0.1028
354 124.8 0.1156
354 149.6 0.1686
354 181 0.2187
21 4.1 0.01
21 102 0.01
21 146.7 0.03
21 249.5 0.48
22 3.6 0.0282
22 24.7 0.0274
22 43.2 0.0277
22 73.5 0.0293
22 99.1 0.0295
22 113.8 0.0308
22 123.2 0.0303
22 148.7 0.1221
22 175.4 0.1748
55 4.8 0.02
55 3.8 0.02
55 26.7 0.07
55 73.4 0.06
55 117.4 0.01
55 242.6 0.51
56 4.9 0.0547
56 23.9 0.0327
56 45.1 0.0178
56 72.9 0.0166
56 99.4 0.0246
56 115.7 0.0463
56 124.7 0.0631
56 148.7 0.1415
56 177.5 0.211
79 8.4 0.01
79 4.5 0.01
79 64.1 0.08
79 124.7 0.04
79 232.9 0.41
80 8 0.0286
80 24.7 0.0218
80 46.3 0.0227
80 73.6 0.0231
80 99.6 0.0187
80 114.9 0.0307
80 124.5 0.0882
80 149.5 0.1961
80 174.3 0.2828
111 4.3 0.01
111 3.7 0.1
111 57 0.04
111 109.9 0.08
111 154.6 0.04
112 4.7 0.0394
112 24.9 0.0447
112 44.4 0.0265
112 75.1 0.0253
112 99.9 0.0296
112 113.4 0.0462
112 125.2 0.0725
112 149.4 0.1701
112 173.8 0.2732
112 3.9 0.0423
112 23.1 0.0382
112 44 0.0286
112 73.4 0.0312
112 98.4 0.0266
112 174.1 0.1861
139 4.1 0.1
139 47.1 0.08
139 74 0.08
139 215.7 0.37
140 24.2 0.0639
140 43.9 0.0497
140 73.9 0.0368
140 98.3 0.089
140 113.6 0.1786
140 123.8 0.2058
140 149.2 0.2536
140 174.4 0.2548
167 4.4 0.03
167 4.7 0.02
167 62.5 0.09
167 111.4 0.08
167 146.9 0.12
167 205.3 0.33
168 3.8 0.0579
168 24 0.0567
168 44.6 0.0567
168 74 0.0349
168 99 0.0266
168 114.2 0.0358
168 123 0.0531
168 149.2 0.0813
168 173.7 0.0939
195 4.9 0.01
195 95.9 0.08
195 149.9 0.1
195 198.5 0.2
196 4.9 0.0714
196 25.1 0.0723
196 43.4 0.0731
196 60 0.02
196 74.4 0.0349
196 99.7 0.0273
196 114.4 0.0323
196 125.1 0.04
196 149.8 0.0722
196 174.8 0.1161
196 200 0.06
228 4.7 0.01
228 4.7 0.03
228 86.7 0.01
228 150.7 0.04
228 209.7 0.5
272 7.4 0.02
272 4.9 0.02
272 50.7 0.02
272 61.4 0.03
272 82.3 0.02
272 121.1 0.02
272 167.6 0.21
272 220.1 0.39
273 4.9 0.0207
273 24.4 0.0196
273 44.7 0.0156
273 73.1 0.0202
273 99.3 0.0202
273 114.5 0.0392
273 124.4 0.0697
273 149.5 0.1092
273 174.9 0.2043
304 4.8 0.01
304 4.6 0.01
304 64.6 0.01
304 92.7 0.02
304 226.3 0.48
305 5 0.006
305 24.5 0.006
305 44.7 0.0117
305 75.2 0.0075
305 99.4 0.0205
305 113.4 0.0509
305 124.2 0.0597
305 149.7 0.1092
305 175.8 0.143
332 4.8 0.02
332 24.4 0.03
332 71.2 0.04
332 80.9 0.02
332 97.9 0.04
332 150.6 0.07
332 192.6 0.36
332 230.3 0.58
333 5 0.0099
333 24.4 0.0104
333 44.9 0.034
333 74.9 0.015
333 98.7 0.0308
333 114.7 0.0435
333 126.8 0.0743
333 148.1 0.1091
333 174.3 0.2222
355 4.9 0.03
355 5.1 0.03
355 47.2 0.04
355 88.3 0.02
355 102 0.05
355 122.7 0.06
355 174.3 0.37
355 223.9 0.56
356 5.1 0.0392
356 25.1 0.0403
356 44.5 0.04
356 74.9 0.0402
356 100.5 0.0461
356 113.9 0.0997
356 125.6 0.1154
356 149.4 0.2013
356 174.1 0.2746
32 4.3 0.01
32 4.6 0.02
32 43.2 0.02
32 81.9 0.03
32 139.8 0.08
32 202.4 0.19
33 4.7 0.0209
33 25.6 0.0225
33 45.3 0.0225
33 75.3 0.0247
33 100.1 0.0608
33 115.4 0.0643
33 126.1 0.1066
33 151.4 0.1754
33 174.3 0.1761
63 6.2 0.04
63 5.2 0.02
63 55.7 0.01
63 114.8 0.02
63 172.2 0.14
64 4.8 0.0396
64 25.5 0.0418
64 45 0.0168
64 75.5 0.0153
64 99.7 0.0995
64 115.2 0.0572
64 125.3 0.054
64 150.8 0.1341
64 174.9 0.0549
137 11.4 0.04
137 8.5 0.06
137 36.4 0.06
137 79.1 0.03
137 120.1 0.02
137 179 0.13
137 223.1 0.13
138 10.2 0.057
138 24.7 0.0601
138 44.5 0.0471
138 74.4 0.0254
138 100.2 0.0312
138 114.4 0.035
138 125.2 0.0359
138 150 0.0547
138 174.5 0.0994
165 15.1 0.1
165 13.2 0.02
165 49.1 0.01
165 138.2 0.19
166 4.5 0.0206
166 25 0.0211
166 45.9 0.0123
166 75.3 0.0118
166 99.7 0.0227
166 115.9 0.0958
166 123.9 0.091
166 150.8 0.2324
166 174.8 0.1811
198 5.1 0.0477
198 24.7 0.0472
198 44.8 0.0413
198 75 0.0137
198 99.6 0.0208
198 115.2 0.0286
198 124.7 0.0363
198 150.1 0.0867
198 174.6 0.1575
199 5.2 0.02
199 132.6 0.06
199 182.5 0.14
199 5 0.03
225 5.2 0.04
225 5.3 0.04
225 71 0.04
225 97.5 0.04
225 136.6 0.05
225 174.8 0.08
225 196.4 0.16
226 4.9 0.0254
226 45.1 0.0234
226 75.8 0.0078
226 101.1 0.0107
226 115.6 0.0166
226 124.7 0.0244
226 151 0.0732
226 175.7 0.1299
252 12 0.04
252 13.3 0.06
252 69.6 0.05
252 94.1 0.03
252 138.9 0.05
252 173.7 0.14
252 206.4 0.24
253 5.9 0.043
253 24 0.0498
253 44.7 0.042
253 74.9 0.0205
253 99.9 0.0352
253 114 0.043
253 124.4 0.0576
253 151 0.0527
253 174 0.1855
281 5.5 0.04
281 12.3 0.02
281 50 0.02
281 89.1 0.03
281 114.5 0.04
281 139 0.1
281 189.6 0.17
281 245.1 0.43
283 6.5 0.0186
283 14.9 0.0186
283 26.1 0.0176
283 34.9 0.0166
283 45.2 0.0166
283 61.5 0.0176
283 75.1 0.0127
283 84 0.0176
283 99.9 0.042
283 115.7 0.0391
283 124.9 0.0928
283 151 0.1953
283 175.5 0.2491
315 9.6 0.03
316 9.7 0.03
316 43.7 0.04
316 81.4 0.04
316 97.5 0.06
316 139.8 0.1
316 206.6 0.27
316 4.8 0.0449
316 12.9 0.04
316 23.8 0.041
316 33.2 0.041
316 43 0.04
316 58.1 0.0166
316 73.1 0.04
316 84.6 0.043
316 98.8 0.0625
316 112.8 0.0752
316 123.8 0.0957
316 149.2 0.1113
316 173.8 0.1396
346 4.5 0.02
346 4.5 0.02
346 96.6 0.01
346 124.9 0.05
346 186.5 0.23
346 240.5 0.48
347 5.8 0.0371
347 25.1 0.0342
347 45.7 0.0234
347 59.8 0.0195
347 74.8 0.0176
347 85.1 0.0146
347 98.8 0.0146
347 115.2 0.0674
347 124.9 0.0762
347 152.6 0.1504
347 175.2 0.1943
26 6.6 0.0273
26 24.8 0.0273
26 46.3 0.0264
26 59.8 0.0273
26 75.6 0.0264
26 85.3 0.0264
26 98.1 0.0254
26 115.8 0.0273
26 125 0.0215
26 150 0.0547
26 172.8 0.1123
26 13.1 0.07
26 45.6 0.06
26 81 0.06
26 115.3 0.08
26 200.6 0.22
45 15.3 0.03
45 11.4 0.03
45 40.3 0.03
45 71.3 0.02
45 98.6 0.02
45 128.8 0.16
46 7.2 0.0518
46 25.1 0.0518
46 45.4 0.0537
46 58.4 0.0547
46 76 0.0547
46 83.9 0.0527
46 99.3 0.0605
46 115.9 0.1387
46 124.5 0.165
46 150.9 0.3946
46 175.5 0.5901
69 7.5 0.0518
69 24.3 0.0518
69 46.4 0.0508
69 60.2 0.0537
69 75.2 0.0586
69 85.7 0.042
69 101.5 0.043
69 115.4 0.041
69 124.2 0.042
69 148.6 0.043
69 174.9 0.1592
70 15.4 0.05
70 33.7 0.05
70 95.4 0.04
70 153.6 0.06
70 199.7 0.21
70 31.5 0.07
91 8.7 0.04
91 14.8 0.04
91 44.2 0.03
91 99.9 0.05
91 152.2 0.03
91 196.5 0.03
91 240.1 0.29
92 9.1 0.0498
92 24.2 0.0488
92 46 0.0459
92 59.1 0.0469
92 74.8 0.0361
92 85 0.0361
92 99.7 0.0469
92 115.6 0.0459
92 124.5 0.0518
92 149.6 0.0586
92 175.2 0.1035
146 4.8 0.01
146 11.6 0.01
146 48.5 0.02
146 85.7 0.08
146 150.4 0.2
146 185.8 0.4
146 237.4 0.61
147 9.3 0.0107
147 25.2 0.0156
147 44.9 0.0625
147 75 0.0898
147 85 0.043
147 101.2 0.042
147 115.4 0.0683
147 125.2 0.0879
147 150.4 0.1777
147 175.8 0.3341
164 14.6 0.04
164 26.2 0.03
164 39.6 0.01
164 95 0.02
164 147.2 0.2
164 182.3 0.26
164 214.7 0.35
165 7.8 0.0615
165 25.5 0.0596
165 45.3 0.0127
165 60.7 0.0088
165 75.5 0.0088
165 85.7 0.0088
165 100.2 0.0273
165 114.9 0.0693
165 125.4 0.1357
165 150.5 0.2491
165 174.9 0.2823
193 5.4 0.07
193 5.8 0.08
193 54.2 0.04
193 74.3 0.05
193 143.5 0.09
193 203.9 0.29
194 9.1 0.0723
194 26 0.0703
194 45.9 0.0703
194 60.5 0.0479
194 76.3 0.0381
194 85.4 0.04
194 100.6 0.0557
194 115.4 0.0635
194 125.8 0.0771
194 151.2 0.1094
194 175.9 0.1142
220 7.3 0.07
220 18.7 0.06
220 40.1 0.01
220 64.2 0.05
220 106.4 0.04
220 171.7 0.2
220 232.1 0.46
221 7.5 0.0742
221 25.8 0.0684
221 44.8 0.0117
221 60 0.0166
221 74.6 0.0293
221 86.5 0.043
221 100.9 0.0537
221 115 0.1006
221 125.9 0.1279
221 150.5 0.1865
221 174.8 0.2559
258 5.7 0.02
258 10.1 0.01
258 65.6 0.01
258 140.7 0.08
258 194.6 0.2
259 5.6 0.0225
259 25.6 0.0107
259 45.7 0.0098
259 60.6 0.0107
259 76.2 0.0127
259 85.4 0.0215
259 100.6 0.0312
259 115.4 0.0478
259 125.5 0.0644
259 151 0.1094
259 177.5 0.1641
293 6.7 0.01
293 7.4 0.03
293 47.2 0.02
293 63.1 0.02
293 103.3 0.05
293 135.9 0.09
293 169.5 0.09
293 235.9 0.14
294 8.1 0.0186
294 25.3 0.0186
294 45.8 0.0166
294 61.6 0.0186
294 74.7 0.0166
294 84.9 0.0195
294 97.3 0.0225
294 116.2 0.0391
294 125.3 0.0488
294 151.8 0.0859
294 172.6 0.0937
312 6 0.03
312 12.6 0.03
312 71.1 0.01
312 77.5 0.01
312 118.8 0.06
312 153.7 0.1
312 191.2 0.15
312 241 0.4
313 8.8 0.0234
313 25.8 0.0264
313 45 0.0254
313 61 0.0166
313 75.2 0.0146
313 86 0.0156
313 100.5 0.0312
313 115.6 0.0449
313 125.2 0.0576
313 151.5 0.0986
313 176.3 0.1338
343 8.8 0.01
343 93.4 0.02
343 117.5 0.06
343 153.5 0.2
343 217.6 0.43
344 7.7 0.0078
344 24.7 0.0068
344 46.7 0.0068
344 61.3 0.0098
344 75.7 0.0088
344 86.3 0.0352
344 101.2 0.0644
344 115.9 0.0625
344 126.6 0.084
344 152 0.1523
344 176.9 0.2794
37 3.3 0.01
37 4.5 0.02
37 62.4 0.02
37 120.7 0.06
37 135.6 0.15
37 178.4 0.26
37 224.3 0.46
38 4.7 0.0195
38 24.9 0.0186
38 44.7 0.0205
38 58.8 0.0195
38 75.2 0.0195
38 84.4 0.0195
38 100 0.0244
38 115 0.0791
38 125.2 0.0898
38 150.1 0.1465
38 174.2 0.2344
79 4.8 0.01
79 5.2 0.02
79 58.6 0.01
79 110.3 0.09
79 163.5 0.25
79 208.9 0.47
80 4.4 0.04
80 25.1 0.0312
80 45.1 0.0244
80 60.2 0.0283
80 74.6 0.0195
80 84.8 0.0234
80 100.3 0.0391
80 115.3 0.0684
80 124.8 0.1309
80 149 0.1836
80 174.2 0.2207
124 7 0.08
124 7.5 0.08
124 51.2 0.11
124 95.4 0.03
124 140.6 0.11
124 195.4 0.19
125 7.3 0.0928
125 24.5 0.0938
125 44.9 0.0928
125 60.3 0.0703
125 74.5 0.0488
125 85.4 0.0469
125 100.2 0.042
125 115 0.0596
125 125.1 0.0771
125 149.9 0.1348
125 174.1 0.168
160 7.4 0.09
160 6.6 0.06
160 33.1 0.05
160 95 0.03
160 128.1 0.03
160 160.2 0.05
160 225 0.21
188 8.2 0.02
188 40.3 0.01
188 70.2 0.01
188 90 0.01
188 136.2 0.06
188 244.8 0.41
188 6.4 0.05
189 14.6 0.0527
189 24.9 0.0557
189 45 0.0586
189 59.9 0.041
189 74.8 0.0176
189 85.2 0.0166
189 100.5 0.0322
189 115.5 0.041
189 125.2 0.0508
189 149.7 0.1006
189 175.6 0.123
215 6.7 0.05
215 9.2 0.05
215 50.5 0.06
215 95.2 0.06
215 110.5 0.09
215 131 0.17
215 179.3 0.5
215 216 0.69
215 250 0.77
216 6.7 0.0586
216 24.8 0.0615
216 45.2 0.0615
216 60.2 0.0684
216 75.4 0.0684
216 85.1 0.0654
216 100.4 0.084
216 115.5 0.1201
216 124.4 0.1514
216 150 0.3311
216 175.8 0.507
245 8 0.05
245 10.3 0.05
245 64.8 0.05
245 89.3 0.05
245 140.8 0.14
245 193.8 0.2
245 246.7 0.44
246 6.9 0.0488
246 25.8 0.0488
246 45.7 0.0195
246 60.9 0.0547
246 75.8 0.0645
246 86.1 0.0586
246 100.4 0.0605
246 115.6 0.0918
246 126.1 0.1269
246 150.6 0.1475
246 175.4 0.1865
275 5.1 0.04
275 5.6 0.05
275 43.6 0.05
275 82 0.02
275 120.7 0.02
275 149.9 0.04
275 205.3 0.18
276 5 0.0576
276 23.7 0.0557
276 44.9 0.0566
276 60.8 0.0557
276 76.6 0.0547
276 85.1 0.0488
276 99.5 0.0479
276 116.8 0.0449
276 124.7 0.0566
276 149.8 0.0654
276 176.7 0.1299
335 16.3 0.06
336 9.2 0.05
336 26.3 0.04
336 62.9 0.06
335 125.7 0.17
335 164.9 0.26
335 221.9 0.68
336 5.8 0.0918
336 24.8 0.0605
336 44.5 0.0576
336 60.4 0.0596
336 74.7 0.0596
336 84.5 0.0625
336 100.2 0.0684
336 115.2 0.1504
336 124.9 0.1729
336 150.9 0.2588
336 175.8 0.3145
354 5.9 0.05
354 10.2 0.07
354 66.8 0.06
354 120.2 0.08
354 154.6 0.14
354 209.9 0.29
355 7.5 0.0674
355 25.4 0.0684
355 46.5 0.0684
355 61.3 0.0703
355 76.1 0.0723
355 84.9 0.0732
355 98.9 0.0723
355 114.9 0.0869
355 125.9 0.1055
355 149.4 0.1162
355 174.7 0.1768
29 9 0.05
29 13.3 0.05
29 69.7 0.05
29 124.9 0.13
29 174 0.23
29 234.3 0.4
30 6.9 0.0566
30 25.8 0.0576
30 44.8 0.0566
30 58.8 0.0557
30 75.8 0.0557
30 84.6 0.0576
30 100.2 0.0586
30 114.6 0.1055
30 124 0.1387
30 148.6 0.1348
30 173.9 0.2119
54 7.7 0.06
54 12.8 0.05
54 60.4 0.04
54 125.3 0.13
54 179.7 0.24
54 235.3 0.52
55 7.7 0.0576
55 26.5 0.0586
55 44.4 0.0576
55 60.4 0.0605
55 74.9 0.0596
55 86.1 0.0605
55 100.1 0.0635
55 115.3 0.0791
55 124.1 0.1074
55 150.3 0.1895
55 175.7 0.2559
148 8.8 0.08
148 6.2 0.08
148 17.3 0.08
148 64.9 0.02
148 107.7 0.01
148 148.5 0.03
148 203.7 0.25
149 8.1 0.1084
149 25.9 0.0527
149 45.6 0.0391
149 60.9 0.0557
149 75.9 0.0361
149 85.9 0.0332
149 100.3 0.0273
149 115.7 0.0264
149 126.2 0.0264
149 150.4 0.0449
149 175.3 0.1602
177 6.9 0.06
177 7.5 0.05
177 65.7 0.03
177 79.8 0.04
177 102.2 0.07
177 135 0.15
177 186.4 0.37
177 230.8 0.65
178 7.8 0.0596
178 25.1 0.0586
178 45.3 0.0576
178 60.1 0.0566
178 73.6 0.0488
178 84.6 0.0537
178 99.5 0.0703
178 114.9 0.0908
178 124.3 0.1133
178 150.6 0.2031
178 175.1 0.3233
208 14.2 0.08
208 10.7 0.1
208 51.8 0.06
208 82 0.06
208 120.6 0.08
208 160.8 0.09
208 198.3 0.2
208 235 0.31
209 14.9 0.0947
209 24.4 0.0957
209 45 0.0654
209 59.6 0.0635
209 74.4 0.0547
209 85.6 0.0518
209 99.7 0.0576
209 114.7 0.0742
209 125.5 0.082
209 149.6 0.0889
209 173.9 0.1514
229 7 0.04
229 6.2 0.05
229 50.9 0.04
229 75.9 0.06
229 111.4 0.09
229 149.1 0.11
229 207.4 0.22
230 7.7 0.0586
230 24.6 0.0586
230 45.9 0.0439
230 59.7 0.0498
230 76.2 0.0635
230 84.5 0.0654
230 100.8 0.0771
230 115.1 0.0947
230 124.8 0.1084
230 149.7 0.124
230 174.1 0.1426
284 7.4 0.01
284 85.6 0.03
284 122.4 0.06
284 154.1 0.14
284 190.6 0.2
285 6 0.0039
285 25.1 0.0039
285 45.8 0.0059
285 60.5 0.0088
285 75.4 0.0176
285 85.4 0.0254
285 100.1 0.042
285 114.2 0.0635
285 124.8 0.0791
285 149.5 0.1055
285 175 0.1797
336 10.9 0.03
336 71.3 0.05
336 104.9 0.08
335 161.1 0.22
335 220 0.45
336 7.1 0.0322
336 23.3 0.0312
336 43.7 0.0283
336 58.6 0.0254
336 74.5 0.0371
336 84.1 0.0518
336 98.8 0.0869
336 115.8 0.0986
336 123.6 0.1152
336 150.6 0.1523
336 175.1 0.2334
20 11.2 0.01
20 13.3 0.02
20 40.4 0.02
20 75.9 0.02
20 135.6 0.05
20 185.4 0.18
20 242.7 0.48
21 7.4 0.0205
21 24.1 0.0244
21 44.8 0.0215
21 60.2 0.0225
21 74 0.0205
21 83.7 0.0166
21 100.4 0.0156
21 113.7 0.0195
21 124.4 0.0254
21 149.6 0.0566
21 175.1 0.1152
48 7 0.03
49 9.4 0.04
48 64.7 0.03
48 121.1 0.08
48 170.3 0.21
48 220.8 0.43
49 8.9 0.0273
49 24.4 0.0264
49 44.4 0.0186
49 59.2 0.0176
49 75.6 0.0176
49 84.5 0.0176
49 98.9 0.0176
49 115.4 0.04
49 125.7 0.1064
49 149.3 0.1758
49 174.4 0.2315
118 9.6 0.05
118 5.5 0.05
118 45.3 0.03
118 87.8 0.02
118 140.4 0.03
118 194.4 0.24
119 5.3 0.083
119 24.8 0.0732
119 45.4 0.0615
119 59.3 0.0537
119 74.4 0.0469
119 85.1 0.042
119 99.9 0.0342
119 114.5 0.0351
119 125.6 0.0371
119 149.9 0.0566
119 176 0.0889
147 5.2 0.03
147 5.2 0.02
147 25.7 0.03
147 71.2 0.02
147 126.6 0.04
147 186.8 0.1
147 246.5 0.5
148 4.7 0.0205
148 25.2 0.0186
148 45.5 0.0146
148 60 0.0117
148 75.7 0.0127
148 85 0.0146
148 100.3 0.0146
148 115.1 0.0186
148 124.6 0.0254
148 149.8 0.0635
148 175.4 0.1006
184 7.7 0.11
185 7.6 0.12
185 47.4 0.13
185 64.5 0.03
185 110.6 0.03
185 158.5 0.14
185 202.4 0.19
185 5.4 0.1182
185 24.3 0.1191
185 44.3 0.0615
185 60.2 0.0322
185 74.5 0.0293
185 85.9 0.0283
185 100.3 0.0459
185 115 0.0752
185 124.6 0.0976
185 150.3 0.1396
185 174.8 0.126
206 8.3 0.1
206 6.3 0.1
206 57.7 0.07
206 72.7 0.05
206 125.2 0.05
206 164.5 0.14
206 202.1 0.2
207 5.7 0.0967
207 25.3 0.1006
207 45.2 0.0928
207 59.9 0.0752
207 74.8 0.0537
207 85 0.0586
207 100.2 0.0742
207 115.3 0.0644
207 124.7 0.0683
207 149.6 0.0762
207 174.6 0.1289
230 8.2 0.06
230 69.6 0.01
230 117.2 0.01
230 161.1 0.05
230 204.8 0.06
230 244.8 0.24
231 6 0.0684
231 24.3 0.0713
231 45.6 0.0625
231 58.7 0.0264
231 73.7 0.0166
231 85.7 0.0273
231 98.9 0.0391
231 116.4 0.0557
231 124.7 0.0517
231 153.1 0.0683
231 174.6 0.0801
267 5.2 0.03
267 10.6 0.04
267 39.4 0.03
267 57.5 0.01
267 84.9 0.03
267 123.2 0.18
267 165 0.23
267 231.9 0.55
268 5.3 0.0391
268 24.9 0.0264
268 44.5 0.0303
268 61.6 0.0264
268 69.1 0.0264
268 85.3 0.0332
268 99.7 0.0391
268 115.8 0.0557
268 123.9 0.0752
268 149.4 0.209
268 175.2 0.2227
307 5.3 0.09
307 4.4 0.08
307 42.4 0.06
307 58.8 0.03
307 84.5 0.04
307 120.7 0.08
307 161.4 0.23
307 188.9 0.31
307 223.2 0.43
308 4.8 0.0771
308 23.5 0.0762
308 45.4 0.0771
308 58.7 0.0517
308 75.3 0.0361
308 84.2 0.0332
308 100 0.0498
308 114 0.0771
308 125.3 0.0898
308 150.1 0.1299
308 174.9 0.2031
343 4.8 0.07
343 4.1 0.06
343 39.3 0.06
343 76.2 0.06
343 87.6 0.03
343 143.3 0.09
343 203.9 0.12
344 4.8 0.0713
344 24.7 0.0625
344 44.4 0.0625
344 59.3 0.0615
344 75 0.0361
344 85 0.042
344 100.5 0.0527
344 113.9 0.0693
344 125.8 0.0722
344 149.9 0.1113
344 174.5 0.122
68 5.5 0.1
68 59.6 0.11
68 90.7 0.12
68 119.4 0.15
68 153.6 0.15
68 231.4 0.41
68 5.3 0.09
69 4.7 0.0849
69 15.6 0.09
69 25.5 0.084
69 36.1 0.09
69 45.6 0.0849
69 59.9 0.0859
69 75.3 0.0957
69 85.5 0.0957
69 101.3 0.0937
69 114.6 0.1045
69 125.4 0.1377
69 150.8 0.1533
69 172.8 0.1924
69 200.6 0.32
96 4.6 0.1
96 9.1 0.1
96 50.3 0.1
96 100.8 0.07
96 120.4 0.07
96 136 0.09
96 199.3 0.16
96 220.8 0.18
96 239.8 0.23
97 4.8 0.0996
97 15.2 0.08
97 25.6 0.0947
97 35.3 0.08
97 45.4 0.0947
97 59.7 0.0937
97 76.6 0.0879
97 85 0.0742
97 99.8 0.0723
97 115.8 0.0908
97 124.6 0.0976
97 151.1 0.126
97 175.6 0.1523
97 200.1 0.18
138 5.9 0.08
138 5.4 0.11
138 25.1 0.09
138 45.5 0.08
138 75.3 0.08
138 108.5 0.08
138 125 0.09
138 142.6 0.04
138 197 0.1
139 4.2 0.0752
139 14.8 0.08
139 24.7 0.0723
139 35.3 0.08
139 45.4 0.0713
139 60.4 0.0742
139 74.5 0.0713
139 85.5 0.0674
139 100 0.081
139 115.3 0.0508
139 125.5 0.0498
139 150.4 0.06
139 175.3 0.0752
139 200.3 0.17
159 4.9 0.05
159 5.9 0.04
159 37 0.03
159 65.8 0.02
159 69.9 0.01
159 106.6 0.04
159 119.6 0.06
159 222.3 0.29
160 5.6 0.0605
160 15.3 0.05
160 25 0.0498
160 36 0.05
160 45.7 0.0381
160 61.5 0.03
160 74.1 0.0215
160 86.9 0.0312
160 98.2 0.043
160 113.3 0.0713
160 124.8 0.1123
160 146.6 0.0928
160 175.8 0.1895
160 206.8 0.3
189 6.9 0.05
189 13.8 0.06
189 46.9 0.04
189 55.4 0.03
189 70.2 0.02
189 111.7 0.07
189 172 0.22
189 231.2 0.35
190 5.7 0.0644
190 15 0.07
190 25 0.041
190 35.1 0.05
190 44.3 0.0312
190 59.5 0.0225
190 74.4 0.0186
190 84.9 0.0283
190 99.3 0.041
190 114.7 0.041
190 125.1 0.0879
190 149.1 0.1269
190 174.9 0.1289
190 200.5 0.26
219 7.2 0.08
219 25.5 0.06
219 66.4 0.06
219 107.6 0.08
219 140.6 0.12
219 160.3 0.11
219 190.5 0.11
219 239 0.18
220 5.7 0.1025
220 15.2 0.11
220 25.3 0.0889
220 35.6 0.1
220 45.2 0.0791
220 60.6 0.084
220 75.5 0.1064
220 85.4 0.1045
220 100.2 0.083
220 115.4 0.0517
220 125.2 0.1348
220 150.3 0.0498
220 175.1 0.081
220 200.5 0.15
247 25.3 0.08
247 80.7 0.07
247 96.1 0.08
247 144.6 0.13
247 171.1 0.14
247 205.2 0.14
247 239.7 0.16
247 5.4 0.084
247 14.9 0.09
247 25.6 0.085
247 35.2 0.11
247 45.5 0.0859
247 60.2 0.081
247 76 0.0801
247 84.9 0.0879
247 100.5 0.1035
247 115.9 0.1123
247 125.5 0.1347
247 150.2 0.1484
247 175.4 0.1601
247 200.7 0.17
276 7.6 0.09
276 75 0.06
276 80.6 0.06
276 95 0.06
276 134.1 0.09
276 184.3 0.14
276 205.6 0.14
277 7.5 0.0635
277 16.1 0.07
277 26 0.0674
277 35 0.07
277 45.9 0.0683
277 61.1 0.0674
277 75.3 0.0771
277 84.7 0.0957
277 100.6 0.0957
277 115.8 0.1045
277 125.5 0.1064
277 150.4 0.1279
277 174.9 0.125
277 199.8 0.14
325 5.2 0.0928
325 15 0.11
325 24.8 0.0928
325 35.5 0.1
325 44.9 0.0908
325 59.3 0.0908
325 74.8 0.0947
325 85.7 0.0957
325 100.4 0.1015
325 113.9 0.0976
325 124.7 0.1055
325 150 0.1191
325 174.7 0.1377
325 200.8 0.14
326 4.9 0.08
326 54.9 0.09
326 104 0.11
326 133 0.1
326 174.2 0.12
326 194.3 0.13
326 236 0.18
326 5.1 0.08
9 4.1 0.05
28 7.6 0.03
28 97 0.05
28 109.4 0.07
28 131.1 0.13
28 189.8 0.29
28 210.4 0.33
29 2.4 0.0488
29 15.2 0.05
29 24.8 0.0439
29 34.4 0.04
29 44.9 0.04
29 60.5 0.0361
29 74.6 0.0391
29 85.6 0.0439
29 101.4 0.0849
29 116 0.1221
29 125.4 0.126
29 150.3 0.1973
29 176.1 0.2354
29 200.5 0.32
59 6.8 0.04
59 38.1 0.05
59 101.5 0.06
59 159.2 0.23
59 190.4 0.25
59 214.9 0.27
59 232 0.34
60 7.8 0.0664
60 14.9 0.07
60 26.1 0.0684
60 34.6 0.07
60 45 0.0596
60 60 0.0391
60 75.4 0.0361
60 85.5 0.0351
60 100.5 0.0517
60 115 0.1504
60 126.1 0.1719
60 150.8 0.1592
60 174.8 0.1895
60 200.1 0.22
102 6.9 0.09
102 42.6 0.09
102 82.5 0.08
102 140.8 0.11
102 156 0.11
102 186 0.13
102 6.8 0.1006
102 14.9 0.09
102 25.4 0.1045
102 35.1 0.1
102 44.8 0.0996
102 61 0.0889
102 75.5 0.081
102 85.9 0.0771
102 101.1 0.0762
102 115.3 0.0723
102 125.2 0.0742
102 150.9 0.1055
102 175.7 0.1474
102 200.9 0.13
129 4.7 0.03
129 44.7 0.04
129 81 0.03
129 148.1 0.12
129 191.4 0.22
129 233.4 0.41
130 5.6 0.0322
130 15.5 0.04
130 26.3 0.0332
130 33.9 0.04
130 44.6 0.0322
130 60.6 0.0312
130 75.3 0.0264
130 85.7 0.0176
130 100.4 0.0244
130 114.2 0.0264
130 125.8 0.0303
130 150.2 0.0439
130 174.9 0.1191
130 200.8 0.19
201 4.7 0.09
201 67 0.08
201 77.6 0.08
201 96.5 0.08
201 124.9 0.11
201 145.6 0.09
201 194 0.17
201 6.1 0.0879
201 14.2 0.09
201 24.7 0.0899
201 34.1 0.09
201 44.5 0.0889
201 59.5 0.1016
201 74.8 0.1016
201 84.8 0.1035
201 99.8 0.0937
201 114.9 0.0937
201 124.5 0.1006
201 149.3 0.1006
201 174.9 0.1074
201 199.5 0.26
243 5.7 0.0195
243 15.2 0.03
243 24.6 0.0195
243 34.6 0.02
243 44.6 0.0117
243 60 0.0254
243 74.9 0.0244
243 84.8 0.043
243 99.8 0.0898
243 114.6 0.0732
243 124.7 0.0996
243 149.4 0.1611
243 173.7 0.2051
243 200.7 0.29
244 5.9 0.09
244 46.6 0.08
244 78.4 0.08
244 83.6 0.08
244 111.6 0.11
244 119.7 0.09
244 191.7 0.17
244 6.2 0.05
270 5.8 0.042
270 16.2 0.06
270 25.8 0.0303
270 36 0.03
270 45.6 0.0117
270 60.8 0.0186
270 76.1 0.0137
270 85.6 0.0127
270 100.7 0.0117
270 115.4 0.0322
270 125.6 0.0644
270 150.4 0.1172
270 176.6 0.1865
270 200.8 0.29
270 5.9 0.07
270 30.8 0.02
270 50.7 0.03
270 80.7 0.01
270 100.1 0.05
270 149.1 0.11
270 211.6 0.33
271 5.3 0.06
308 5.5 0.04
309 5.8 0.04
309 66.1 0.04
309 84.1 0.02
309 118.8 0.07
309 157.7 0.16
309 195.5 0.25
309 230.7 0.39
309 5.7 0.0518
309 15.8 0.04
309 24.5 0.0498
309 35.7 0.04
309 45.5 0.0508
309 60.8 0.0498
309 74.9 0.0381
309 84.6 0.0342
309 99.8 0.0615
309 114.1 0.0947
309 125.4 0.1172
309 149.8 0.1728
309 173.9 0.1846
309 200.3 0.27
333 6 0.0527
333 14.3 0.06
333 24.9 0.0557
333 35.4 0.06
333 45.5 0.0518
333 59.4 0.0566
333 74.8 0.0557
333 84.6 0.0576
333 99.8 0.0498
333 116.5 0.0576
333 124.7 0.0615
333 150.2 0.1142
333 175.5 0.1601
333 200 0.24
334 5.3 0.08
334 52.8 0.08
334 99.4 0.08
334 124.2 0.08
334 169.3 0.16
334 213.9 0.3
334 4.8 0.08
353 6.2 0.06
353 5.5 0.06
353 61.4 0.06
353 119.2 0.07
353 147.2 0.09
353 186.3 0.19
353 239.4 0.42
354 5 0.0635
354 15.1 0.07
354 24.6 0.0625
354 34.8 0.07
354 43.8 0.0635
354 59.4 0.0644
354 73.9 0.0635
354 85.1 0.0674
354 99.5 0.0683
354 115 0.0771
354 123.6 0.083
354 149.5 0.1445
354 175.6 0.2188
354 199.6 0.33
18 5.3 0.09
18 4.8 0.08
18 38.3 0.09
18 70.3 0.07
18 135.9 0.11
18 177.5 0.17
18 244.8 0.41
19 5.5 0.0986
19 14.9 0.1
19 25.1 0.0957
19 33.8 0.1
19 44.6 0.0928
19 61.1 0.0918
19 76.1 0.0898
19 83.7 0.0859
19 101.5 0.083
19 116.4 0.082
19 126.5 0.0928
19 151 0.1269
19 175.1 0.1875
19 199.4 0.23
84 4.6 0.09
85 214.9 0.26
85 6.4 0.0635
85 15.5 0.08
85 25.5 0.0869
85 36.2 0.08
85 45.2 0.081
85 60.9 0.0742
85 76.3 0.084
85 85.4 0.0605
85 102.7 0.0547
85 116.6 0.0537
85 125.9 0.0586
85 150.4 0.0957
85 176.3 0.1328
85 201.7 0.19
122 4.5 0.14
122 6.4 0.15
122 16.5 0.15
122 58.2 0.15
122 100.2 0.14
122 139.7 0.13
122 179.9 0.12
122 233 0.31
124 5.9 0.165
124 14.4 0.16
124 23.9 0.165
124 34.5 0.15
124 43.9 0.165
124 73.1 0.16
124 83.6 0.165
124 98.3 0.1592
124 112.8 0.1582
124 124.2 0.1357
124 150.8 0.0898
124 174.9 0.0781
124 199.5 0.23
151 5.4 0.12
151 5 0.11
151 35.5 0.08
151 74.4 0.05
151 114 0.05
151 159.1 0.08
151 207.4 0.17
153 4.9 0.1279
153 14.8 0.12
153 24.4 0.1221
153 36.1 0.11
153 45.5 0.0937
153 59.5 0.0752
153 74.9 0.0693
153 84.2 0.0654
153 99.7 0.0596
153 115.9 0.0605
153 126.1 0.0654
153 148.5 0.0762
153 175.6 0.1211
153 200.1 0.21
178 5.5 0.13
179 5.3 0.12
179 71.4 0.13
179 127.2 0.12
179 139.6 0.15
179 204.6 0.27
179 249.6 0.36
179 5.7 0.1279
179 14.5 0.11
179 25.6 0.1269
179 34.8 0.12
179 45.2 0.1308
179 59.8 0.1142
179 74.8 0.0615
179 85 0.0937
179 99.8 0.1035
179 114.7 0.1113
179 124 0.0635
179 150.3 0.1592
179 174.9 0.1777
179 199.7 0.26
213 11.6 0.11
213 9.6 0.12
213 60.5 0.09
213 107 0.11
213 149.5 0.17
213 190.8 0.29
214 10.5 0.1201
214 16.1 0.12
214 25.8 0.1201
214 35.1 0.11
214 45.4 0.1094
214 60.4 0.0957
214 75.1 0.0801
214 85.5 0.0615
214 100.4 0.1172
214 115.4 0.1279
214 125.6 0.1484
214 150.2 0.1758
214 174.9 0.1689
214 200 0.16
230 6 0.13
230 6.4 0.14
230 34.3 0.11
230 83.6 0.06
230 125.9 0.08
230 195.6 0.22
230 248 0.38
231 4.9 0.1621
231 15.3 0.17
231 25.4 0.1631
231 35.5 0.15
231 45.3 0.1201
231 60.3 0.1074
231 75 0.0976
231 85.1 0.0908
231 100 0.0713
231 115.4 0.0732
231 125.3 0.084
231 150.1 0.1181
231 175.5 0.1338
231 200.4 0.19
258 5.8 0.17
258 10.3 0.17
258 45.1 0.16
258 78.6 0.1
258 118.8 0.14
258 150.9 0.11
258 204.4 0.16
259 5.7 0.1709
259 15.9 0.17
259 25.5 0.166
259 35.3 0.17
259 44.7 0.1699
259 60.4 0.1563
259 75.4 0.1172
259 85.1 0.1162
259 100.2 0.1396
259 115.1 0.1123
259 125.1 0.1094
259 150.7 0.1279
259 175.4 0.1367
259 200.2 0.16
281 5.1 0.16
281 6.3 0.14
281 66.4 0.08
281 81.5 0.07
281 115.3 0.08
281 163.7 0.13
281 211.4 0.22
282 4.5 0.1621
282 15.5 0.15
282 25.5 0.1631
282 35.2 0.15
282 45.5 0.1611
282 60.7 0.1504
282 75.3 0.1143
282 85.3 0.084
282 100.2 0.082
282 115.3 0.0928
282 125.3 0.1006
282 149.9 0.1074
282 175.2 0.1445
282 200.1 0.17
338 5.5 0.08
339 6.6 0.09
339 26.1 0.09
339 73 0.09
339 80.2 0.07
339 103.9 0.08
339 139.3 0.13
339 175.7 0.24
339 211.4 0.35
339 245.2 0.52
339 7 0.1035
339 16.9 0.1
339 26.5 0.1084
339 37.4 0.09
339 46.9 0.1201
339 60.3 0.0996
339 75.9 0.0986
339 86.8 0.0986
339 101.1 0.0889
339 115 0.1133
339 125.1 0.1201
339 150.7 0.126
339 177.1 0.1592
339 200.8 0.21
43 5.4 0.12
43 7.9 0.11
43 66.8 0.1
43 126.2 0.11
43 183.3 0.23
43 238.9 0.48
44 7.3 0.1201
44 16.2 0.12
44 25.5 0.1181
44 35.2 0.12
44 45.7 0.1084
44 61 0.0937
44 75.9 0.0937
44 85.3 0.0947
44 100.3 0.0928
44 115 0.0908
44 125.6 0.1
44 150.2 0.1094
44 175.4 0.1426
44 200.4 0.18
65 4.3 0.09
65 7.1 0.09
65 60.2 0.08
65 130.1 0.06
65 151.5 0.06
65 205 0.21
66 8.7 0.0937
66 18.4 0.08
66 23.8 0.0928
66 34.7 0.09
66 45.2 0.0908
66 59.9 0.0752
66 75.2 0.0644
66 84.6 0.0576
66 99.9 0.0469
66 115.3 0.043
66 125.8 0.042
66 149.7 0.0723
66 175.3 0.166
66 199.6 0.22
95 5.4 0.08
95 5 0.07
95 46.8 0.06
95 87.8 0.04
95 134.9 0.03
95 180.1 0.06
95 204.2 0.17
95 244.6 0.45
96 5.3 0.0898
96 15.1 0.08
96 25.3 0.084
96 35.6 0.07
96 45.5 0.0791
96 60.5 0.0781
96 75.5 0.0762
96 86 0.0713
96 100.1 0.0898
96 114.8 0.0469
96 126.3 0.0498
96 150.7 0.0312
96 175.3 0.0557
96 200.4 0.09
137 8.4 0.2
137 7.8 0.18
137 45.8 0.18
137 72.7 0.1
137 114.9 0.09
137 153.3 0.06
137 187.1 0.05
137 221.7 0.27
138 8.8 0.1866
138 18.8 0.17
138 25.7 0.1905
138 35.3 0.17
138 44.4 0.1533
138 59.2 0.1807
138 74.6 0.1318
138 85.6 0.1015
138 100.1 0.1006
138 115 0.0674
138 125.9 0.0605
138 150.1 0.0527
138 175.8 0.0566
138 200.2 0.09
176 7 0.13
176 9.1 0.13
176 65.6 0.14
176 105.6 0.15
176 116.5 0.17
176 174.5 0.27
176 237.7 0.57
177 7.2 0.1328
177 17 0.13
177 24.9 0.1318
177 35.5 0.12
177 45.2 0.1269
177 60.6 0.1269
177 75.5 0.1221
177 85.3 0.125
177 100 0.1201
177 115 0.1269
177 125.3 0.1396
177 150.8 0.1875
177 174.5 0.21
177 199.9 0.28
254 6.6 0.05
254 55.1 0.04
254 70.5 0.02
254 108.7 0.09
254 120.9 0.1
254 141 0.12
254 160.3 0.15
254 188.9 0.26
254 226 0.47
255 7.4 0.0576
255 17.4 0.06
255 26.9 0.0596
255 35.3 0.06
255 46.3 0.043
255 60 0.0146
255 75.1 0.0166
255 85.6 0.0283
255 100.6 0.0547
255 115.5 0.0635
255 125.9 0.0791
255 150.3 0.1172
255 175.1 0.1406
255 201.6 0.19
274 6 0.11
274 7.6 0.1
274 52 0.04
274 75.7 0.02
274 111.8 0.05
274 149 0.11
274 184.9 0.23
274 238.6 0.45
275 7.5 0.0976
275 17.5 0.1
275 26.2 0.0967
275 34.6 0.09
275 45.4 0.042
275 59.8 0.0303
275 76.7 0.04
275 84.7 0.0547
275 101.5 0.0723
275 115.9 0.0625
275 125.9 0.0615
275 150.5 0.1435
275 175.4 0.2217
275 200.3 0.32
300 7.2 0.12
300 8 0.11
300 44.5 0.1
300 82.7 0.11
300 110.9 0.14
300 164.2 0.12
300 218.8 0.22
301 6.5 0.126
301 16.2 0.12
301 25.4 0.125
301 35.5 0.12
301 45 0.126
301 60.9 0.1152
301 75 0.1035
301 85.6 0.1348
301 100.2 0.1465
301 114.8 0.1455
301 126 0.1416
301 150.2 0.1426
301 175.8 0.1386
301 199.9 0.16
330 6.9 0.07
330 7.7 0.07
330 44.6 0.04
330 85.2 0.02
330 112.2 0.08
330 157.9 0.09
330 204.4 0.17
331 6 0.0508
331 15.8 0.06
331 24.2 0.0498
331 34.6 0.05
331 45 0.0478
331 60.2 0.0508
331 74.8 0.0469
331 100.1 0.0693
331 115.2 0.0957
331 125.4 0.1074
331 149.9 0.1152
331 174.2 0.1406
331 200.7 0.2
354 7.1 0.05
354 70.5 0.04
354 85.7 0.02
354 122.4 0.1
354 155.1 0.21
354 209.6 0.41
355 6.7 0.0498
355 17.1 0.05
355 25.2 0.0478
355 35.4 0.06
355 45.6 0.0469
355 61.6 0.042
355 75.2 0.0351
355 83.6 0.04
355 100.6 0.0742
355 116.9 0.1074
355 124.9 0.1113
355 149.3 0.1387
355 175.7 0.1855
355 200.4 0.34
15 5.2 0.05
15 6.2 0.04
15 50 0.04
15 95.4 0.08
15 140 0.12
15 182.3 0.26
15 240.9 0.56
16 6.5 0.0576
16 15.4 0.05
16 25.2 0.0537
16 35 0.05
16 45.8 0.0556
16 60.8 0.0615
16 75.3 0.0635
16 85.5 0.0644
16 100.9 0.0762
16 115.5 0.1015
16 125.2 0.1133
16 150.2 0.1357
16 174.7 0.1728
16 200.3 0.33
45 5.4 0.06
45 6.1 0.05
45 43.8 0.04
45 80.8 0.03
45 98.7 0.06
45 249.7 0.6
46 6.2 0.0449
46 16 0.04
46 25 0.042
46 34.9 0.04
46 45.1 0.0391
46 60.6 0.0351
46 75.8 0.0361
46 85.7 0.0342
46 100.4 0.0488
46 116 0.0801
46 125.6 0.1133
46 150.7 0.1572
46 175.2 0.2246
46 199.8 0.37
64 7.3 0.11
64 7 0.12
64 41.9 0.07
64 83.5 0.04
64 126.2 0.05
64 164.2 0.16
64 203.7 0.3
64 240.2 0.47
65 7.5 0.1191
65 16 0.14
65 26.1 0.0801
65 35.7 0.05
65 45.6 0.0586
65 60.5 0.0488
65 75.5 0.0469
65 84.8 0.0469
65 100.6 0.0596
65 115.6 0.0849
65 125.5 0.1074
65 150.6 0.1289
65 175.1 0.168
65 199.8 0.26
100 6.4 0.08
100 4.7 0.07
100 51.4 0.06
100 99.3 0.02
100 115.2 0.02
100 158.3 0.03
100 200.1 0.05
100 225.3 0.18
101 4.9 0.082
101 15.3 0.08
101 25.3 0.081
101 34.9 0.05
101 44.7 0.0732
101 60 0.0615
101 75.1 0.0547
101 85.1 0.0469
101 99.8 0.042
101 114.9 0.043
101 124.9 0.0459
101 150.1 0.0478
101 175 0.0556
101 200.3 0.14
102 25.2 0.0781
102 45.1 0.0693
102 74.1 0.0478
102 99.9 0.042
102 124.8 0.0508
151 5.5 0.09
151 5.4 0.08
151 24.1 0.04
151 60.5 0.04
151 81 0.05
151 101.3 0.05
151 143.2 0.08
151 186 0.17
151 240.7 0.38
152 4.8 0.0781
152 14.5 0.07
152 25.6 0.0664
152 35.2 0.02
152 44.6 0.0361
152 59.6 0.0361
152 75 0.0361
152 84.3 0.0391
152 99.3 0.043
152 114.7 0.0596
152 124.9 0.0635
152 149.9 0.1211
152 175.4 0.1396
152 202.3 0.15
181 5.4 0.09
181 5 0.1
181 25.4 0.05
181 32.1 0.04
181 130.8 0.05
181 159.8 0.15
181 215.8 0.46
182 5.3 0.0752
182 15 0.08
182 24.8 0.0752
182 35.1 0.07
182 45.3 0.042
182 59.6 0.0254
182 75.5 0.0225
182 84.2 0.0351
182 99.6 0.0283
182 115.3 0.0517
182 124.8 0.0449
182 148.9 0.0889
182 174.9 0.1592
182 199.8 0.33
257 5.4 0.15
257 5.2 0.13
257 63 0.11
257 79.6 0.08
257 89.3 0.08
257 107.2 0.08
257 128.5 0.13
257 176.7 0.24
257 241.5 0.59
258 5.3 0.1348
258 15.2 0.13
258 24.7 0.1475
258 35.5 0.12
258 44.5 0.1172
258 60.8 0.0928
258 75.5 0.083
258 85.2 0.085
258 100.4 0.0879
258 115.2 0.0869
258 124.8 0.1084
258 150 0.1787
258 175.6 0.25
258 200.1 0.32
286 6.8 0.12
286 4.6 0.1
286 51 0.1
286 79.1 0.1
286 96.6 0.07
286 129.2 0.12
286 193.1 0.26
286 240.6 0.57
287 5.6 0.124
287 14.8 0.12
287 24.4 0.1221
287 34.9 0.1
287 44.6 0.1211
287 59.9 0.1191
287 75.2 0.1143
287 83.8 0.0859
287 100.1 0.083
287 115.2 0.083
287 124.7 0.1006
287 151.6 0.1367
287 175.3 0.1406
287 201.2 0.26
325 4.7 0.04
325 6.8 0.03
325 43.7 0.04
325 81.2 0.07
325 89.7 0.06
325 111.7 0.07
325 156.6 0.2
325 223.2 0.44
326 5 0.0439
326 15.1 0.04
326 25.4 0.0478
326 35.4 0.04
326 43.8 0.0459
326 60.3 0.0469
326 75.2 0.0576
326 86.3 0.0703
326 100 0.0762
326 115.5 0.0644
326 125.6 0.0762
326 150.6 0.1787
326 175 0.2539
326 201.2 0.32
350 4 0.07
351 25 0.09
351 117.4 0.11
351 126.5 0.13
351 141.8 0.14
351 205.5 0.23
351 7.8 0.0762
351 14.2 0.07
351 26.3 0.0723
351 35.6 0.07
351 45.3 0.0732
351 59.1 0.0781
351 75.5 0.0742
351 85.4 0.0742
351 100.3 0.0752
351 115.5 0.124
351 127.1 0.123
351 150.7 0.1416
351 175.6 0.1777
351 199.8 0.21
55 5.5 0.11
55 4.8 0.1
55 24.4 0.09
55 75.5 0.04
55 107.6 0.05
55 142.5 0.05
55 192.1 0.2
55 236.9 0.36
56 4.8 0.1074
56 15.2 0.12
56 25 0.0937
56 35.4 0.09
56 45 0.081
56 61.1 0.0722
56 74.8 0.0693
56 86 0.0703
56 100.6 0.0615
56 114.5 0.0596
56 125.2 0.0547
56 150.2 0.0547
56 176.6 0.0674
56 199.7 0.16
89 7 0.09
89 73.3 0.12
89 138.9 0.11
89 165.3 0.16
89 172.4 0.16
89 221.5 0.22
89 5.1 0.1
89 4.5 0.1006
89 14 0.11
89 24.6 0.1045
89 35.1 0.1
89 45 0.1025
89 60 0.1025
89 74.8 0.1084
89 84.5 0.1094
89 98.9 0.0996
89 116.1 0.0957
89 123.6 0.0996
89 152.1 0.1103
89 173.8 0.1074
89 198.2 0.17
111 4.4 0.1
111 4.7 0.1
111 50.6 0.07
111 70.2 0.09
111 91.6 0.08
111 116.2 0.12
111 131.6 0.15
111 165.8 0.27
111 236.2 0.52
111 249.8 0.63
112 6 0.1104
112 14.9 0.1
112 24 0.1064
112 35.2 0.1
112 44.7 0.0937
112 59.8 0.0869
112 75.2 0.081
112 83.5 0.083
112 98.9 0.0752
112 115.7 0.0625
112 125.1 0.0762
112 149 0.1357
112 174.3 0.1875
112 200.1 0.34
143 7 0.1
143 8.2 0.09
143 86.1 0.07
143 120.7 0.06
143 163.8 0.09
143 235.2 0.24
144 4.4 0.0947
144 14.3 0.11
144 24.7 0.0976
144 34.7 0.1
144 43.6 0.0947
144 59.1 0.0957
144 75.1 0.0967
144 84.6 0.0937
144 99.9 0.0859
144 114.7 0.0732
144 125.2 0.0742
144 149.8 0.0967
144 175.2 0.1006
144 199.7 0.13
170 4.7 0.08
170 7 0.08
170 46 0.08
170 86.1 0.07
170 125.2 0.1
170 139.8 0.11
170 150.9 0.12
170 215.6 0.2
171 6.4 0.0889
171 15.3 0.1
171 24.1 0.0908
171 35.2 0.08
171 44 0.0889
171 60.2 0.0781
171 74.7 0.0791
171 84.9 0.0791
171 100.9 0.0703
171 115.6 0.0791
171 125.6 0.082
171 149.9 0.0967
171 174.5 0.1162
171 199.4 0.15
200 6.1 0.08
200 7.8 0.07
200 46.6 0.07
200 63.7 0.07
200 70.5 0.07
200 112.2 0.08
200 120.2 0.13
200 164.7 0.18
200 239.2 0.55
201 6.1 0.0752
201 14.4 0.07
201 25.7 0.0732
201 35.6 0.07
201 44.6 0.0654
201 59.7 0.0625
201 75.7 0.0713
201 84.9 0.0801
201 99.3 0.083
201 115.6 0.0771
201 125.9 0.0781
201 150.3 0.1621
201 173.6 0.1768
201 199.9 0.26
224 5.8 0.06
224 4.5 0.06
224 35.7 0.04
224 45.1 0.02
224 78.4 0.04
224 110.1 0.16
224 126.3 0.23
224 151.1 0.36
224 183.6 0.46
224 199.5 0.6
225 4.6 0.0488
225 15.5 0.05
225 25.5 0.0517
225 35.3 0.06
225 46.2 0.0215
225 60.6 0.0225
225 75.3 0.041
225 85.8 0.0391
225 100.2 0.0635
225 116 0.1328
225 125 0.1748
225 149.4 0.3175
225 176.3 0.3732
225 199.7 0.51
286 5.2 0.02
286 5.8 0.05
286 63.3 0.05
286 74.3 0.07
286 81.2 0.08
286 95.1 0.09
286 127.6 0.17
286 184.4 0.35
286 199 0.44
287 5.7 0.0391
287 15.7 0.03
287 25.1 0.0332
287 35.2 0.03
287 45 0.0322
287 59.7 0.0322
287 75.1 0.0449
287 85.2 0.0459
287 100 0.0547
287 116.6 0.0713
287 125.1 0.0976
287 149.6 0.1807
287 175.3 0.2325
287 200.5 0.39
317 6.9 0.05
317 60.6 0.04
317 70.8 0.06
317 90.7 0.09
317 125.4 0.19
317 165.1 0.27
317 203.5 0.45
317 240.1 0.69
318 4.8 0.043
318 16.3 0.06
318 24.8 0.042
318 34.6 0.04
318 44.2 0.041
318 60.1 0.041
318 74.9 0.0439
318 84.6 0.0527
318 100.7 0.0635
318 114.1 0.0947
318 124.4 0.1064
318 150 0.1856
318 174.7 0.2862
318 200.4 0.36
342 5.4 0.04
342 5.4 0.06
342 63.2 0.04
342 84.4 0.05
342 105.5 0.09
342 152.4 0.19
342 186.8 0.31
342 222 0.46
343 4.9 0.0586
343 15.4 0.06
343 24.9 0.0625
343 34.6 0.05
343 44.8 0.0596
343 61.3 0.0547
343 74.6 0.0293
343 85.4 0.0361
343 100.5 0.0664
343 116.1 0.0703
343 125.7 0.084
343 149.8 0.1367
343 175.9 0.2041
343 200.2 0.34
