"DOY" "Depth" "POP"
307 18.9 0.0199
307 38.9 0.0151
307 66.7 0.0208
307 116.1 0.0079
307 308.4 0.0041
338 1.6 0.0161
338 21.6 0.0164
338 46.4 0.0164
338 72.1 0.0199
338 97.9 0.0202
338 125.8 0.0095
338 151.1 0.006
338 176.9 0.0139
338 302.8 0.0035
9 20.6 0.0167
9 69.8 0.0082
9 98.6 0.0126
9 123.2 0.0101
9 148 0.0085
9 172 0.0082
9 251.6 0.005
85 3 0.0132
85 22.9 0.0136
85 42.7 0.0126
85 74.6 0.0123
85 152.4 0.0085
85 178.7 0.0066
85 258.2 0.0025
85 305.8 0.0035
138 30.1 0.0186
138 49.9 0.0145
138 79.9 0.0195
138 303.2 0.0028
175 5.8 0.0123
175 26.2 0.0158
175 51.4 0.0155
175 78.4 0.0177
175 103.4 0.0104
175 129.1 0.0095
175 152.3 0.0073
175 179.9 0.0044
175 257.6 0.0038
209 6.3 0.0189
209 47.8 0.0136
209 77.1 0.0113
209 103.3 0.0123
209 129 0.0085
209 155.4 0.0054
209 180.9 0.0057
209 257.8 0.0038
264 45.7 0.0237
264 76.4 0.0233
264 129.2 0.011
264 156.5 0.0079
264 182.9 0.0079
264 256.3 0.0063
290 129.2 0.0145
290 155.4 0.006
290 179.6 0.0057
290 252.8 0.0044
7 2.8 0.0177
7 26.2 0.0066
7 26.2 0.012
7 26.2 0.0205
7 46.6 0.0186
7 76.5 0.0214
7 102.8 0.0154
7 102.8 0.0303
7 128.6 0.0101
7 153.9 0.0091
7 178.4 0.0069
7 253.6 0.0069
47 44.8 0.0177
47 75.1 0.0145
47 125.4 0.0091
47 154.7 0.0057
47 154.8 0.006
47 179.1 0.0076
47 249 0.0076
78 4.1 0.0161
78 44.6 0.018
78 60.4 0.0186
78 75 0.0164
78 85.3 0.0132
78 95.3 0.0132
78 105.6 0.0136
78 116.3 0.0148
78 136.5 0.0095
78 153 0.0076
78 178.4 0.0066
78 204.9 0.0066
102 46.6 0.0259
102 78.2 0.0306
102 78.2 0.0173
102 123 0.0189
102 123 0.0151
102 148.9 0.0129
102 179.5 0.011
129 5.7 0.0318
129 11.6 0.0243
129 26.5 0.0236
129 46.4 0.0309
129 77.5 0.0221
129 102.2 0.0218
129 102.1 0.0202
129 129.8 0.0139
129 155 0.0088
129 179.1 0.0085
129 257.7 0.0044
164 12 0.0249
164 26.5 0.0195
164 46.8 0.0274
164 77.7 0.0197
164 103.7 0.0145
164 129 0.0123
164 154 0.0085
164 179.6 0.0076
206 27 0.0227
206 47 0.0211
206 77.7 0.0167
206 103 0.017
206 128.7 0.0101
206 154.3 0.0091
206 181 0.0079
206 259.3 0.0073
353 6.8 0.023
353 77.4 0.0344
353 128.4 0.014
353 153.7 0.0148
353 183.8 0.0085
353 258.1 0.0057
35 6.9 0.0274
35 3.4 0.012
35 22.9 0.0151
35 76 0.0265
35 100.8 0.0167
35 157.2 0.0107
66 5.6 0.0173
66 28.6 0.0161
66 45.3 0.0126
66 107.4 0.0079
66 127.2 0.0177
66 150.5 0.0101
66 182.2 0.0057
66 254.3 0.0038
100 8.3 0.0177
100 27.5 0.018
100 79 0.011
100 103.4 0.0177
100 113.6 0.012
100 130.1 0.0126
100 154.6 0.0076
100 184.4 0.0047
100 258.3 0.0032
101 13.1 0.0183
101 12.9 0.0161
101 13.1 0.0189
101 12.9 0.0183
129 26.9 0.0186
129 53.3 0.0145
129 76.5 0.0177
129 104.3 0.0167
129 121.6 0.0148
129 130.1 0.0117
129 184.9 0.0057
129 259.1 0.0035
129 259.1 0.0038
156 7.2 0.0205
156 26.8 0.0211
156 48.6 0.017
156 79.7 0.0085
156 106.5 0.0148
156 130.7 0.0126
156 134.8 0.0101
156 146.1 0.0088
156 157.1 0.005
156 184.2 0.0044
156 262.4 0.0032
191 8.3 0.0167
191 47.4 0.0202
191 78.2 0.017
191 103.6 0.018
191 130 0.0126
191 157.7 0.0088
191 179.3 0.006
191 260 0.0035
222 7 0.0186
222 26.9 0.0195
222 27.1 0.0199
222 46.1 0.0199
222 80.2 0.0173
222 103.2 0.017
222 102.3 0.0177
222 131.7 0.0132
222 156 0.0085
222 180.7 0.0066
222 262.4 0.0044
261 2.1 0.0202
261 14.3 0.0211
261 34.1 0.0202
261 53.1 0.0205
261 83.4 0.0098
261 108.3 0.0148
261 133.5 0.0101
261 157.1 0.0069
261 181.8 0.0073
261 257.6 0.0041
294 6.4 0.0205
294 26.9 0.0098
294 46.8 0.0221
294 77 0.0202
294 91.7 0.0177
294 100.2 0.0126
294 120.9 0.0101
294 128.3 0.0098
294 152.7 0.0079
294 177.8 0.0063
294 203.2 0.0066
340 156.1 0.006
340 177.3 0.0047
340 254 0.0035
45 6.8 0.0132
45 25.9 0.0136
45 45.8 0.0142
45 75.5 0.0142
45 101.6 0.0145
45 127 0.0104
45 149.6 0.0073
45 174.7 0.0047
45 245.7 0.0044
161 8.6 0.017
161 28.6 0.017
161 48 0.0221
161 80.2 0.018
161 130.1 0.0145
161 156.3 0.0173
161 156.5 0.0079
161 180.1 0.0063
161 255.6 0.0044
187 7.7 0.0123
187 29.8 0.0161
187 49.7 0.0192
187 77.4 0.0145
187 102.1 0.0139
187 127.4 0.0082
187 153 0.0057
187 177.8 0.0041
187 252.8 0.0047
187 478.4 0.0035
218 10.1 0.0164
218 30.1 0.0139
218 47 0.0167
218 77.6 0.0158
218 127.5 0.0091
218 133.1 0.0073
218 155.2 0.0069
218 177.5 0.0057
21 8.8 0.0091
21 24.1 0.0104
21 44.5 0.0151
21 75.5 0.0148
21 100.3 0.0107
21 126.3 0.0073
21 151.9 0.0063
21 177.7 0.0047
21 243.5 0.0038
48 5.1 0.0151
48 25.3 0.0155
48 45.4 0.018
48 75 0.0132
48 79.7 0.0195
48 84.8 0.0177
48 89.8 0.018
48 95.1 0.0161
48 99.9 0.0158
48 125.4 0.0079
48 150.5 0.006
48 176.4 0.006
48 250.8 0.0038
48 499.9 0.0032
104 28.6 0.0199
104 44.8 0.0199
104 99.8 0.0192
105 5.4 0.0192
105 24.3 0.0177
105 44.2 0.017
105 75.6 0.0189
105 90.3 0.0177
105 99.3 0.017
105 105.4 0.0183
105 109.9 0.0259
105 114.4 0.0145
105 121.1 0.0145
105 124.5 0.0142
105 134.3 0.0136
105 148 0.0142
105 173.4 0.0101
140 6.8 0.0177
140 28 0.0211
140 48.1 0.0205
140 48 0.0186
140 78.7 0.0205
140 77.8 0.0192
140 100.5 0.018
140 119.9 0.0154
140 138.9 0.0126
140 148.5 0.0123
140 174.5 0.0085
140 204.2 0.006
140 255.4 0.0044
257 6.9 0.0151
257 26.6 0.0186
257 26.7 0.0195
257 48.3 0.0186
257 76.8 0.0195
257 102.1 0.0142
257 102 0.0158
257 125 0.0164
257 148.6 0.0088
257 175.4 0.0057
257 252.7 0.0041
302 7.4 0.0161
302 26.3 0.0161
302 45.8 0.0195
302 65.8 0.0177
302 100.7 0.0129
302 105 0.0126
302 110 0.0104
302 120.7 0.0076
302 126.9 0.0095
302 152.7 0.0057
302 177.5 0.0044
302 252.9 0.0032
20 6.9 0.0085
20 12.6 0.0132
20 27.6 0.0129
20 46.4 0.0136
20 62.8 0.0098
20 72.9 0.0132
20 84.9 0.0126
20 99.3 0.0126
20 116.2 0.0082
20 125.2 0.0057
20 152.8 0.0047
20 175.9 0.005
20 248.7 0.0041
20 496.6 0.0025
48 5.5 0.0173
48 25.2 0.0189
48 44.8 0.0161
48 69.8 0.0139
48 75.2 0.0145
48 100.5 0.0136
48 125.9 0.0123
48 149.7 0.0095
48 175.7 0.0057
48 250.8 0.0035
68 5.6 0.0123
68 25.5 0.017
68 45.6 0.0148
68 75.3 0.0123
68 100.6 0.012
68 126.2 0.011
68 140.8 0.011
68 147.9 0.0088
68 175.2 0.0073
68 252.5 0.0038
170 4.8 0.0136
170 24.9 0.0132
170 44.9 0.0123
170 75.6 0.0107
170 99.4 0.0098
170 124.7 0.0095
170 150 0.006
170 175.5 0.006
170 249.2 0.0041
206 5.4 0.0079
206 25.1 0.0211
206 43.3 0.0221
206 74.7 0.0161
206 89.9 0.0158
206 98.9 0.0126
206 110.5 0.0117
206 125.9 0.0088
206 149.9 0.0129
206 176.5 0.0041
206 250.1 0.005
242 3.8 0.0161
242 25.4 0.017
242 45 0.0167
242 75 0.0164
242 89.8 0.0177
242 94.5 0.0167
242 99.6 0.0139
242 104.7 0.0113
242 110 0.0139
242 124.2 0.0107
242 149.5 0.0057
242 175 0.0032
242 250.2 0.0038
266 7.8 0.0155
266 25.5 0.017
266 45.8 0.0164
266 74.6 0.0132
266 99.8 0.0123
266 109.1 0.0129
266 114.9 0.0117
266 120 0.0107
266 124.8 0.0151
266 129.9 0.0136
266 150.3 0.0073
266 175.8 0.0041
266 250.8 0.0057
288 4.9 0.0142
288 25.1 0.0151
288 45 0.011
288 74.3 0.0167
288 100.5 0.0129
288 119.5 0.0104
288 124.5 0.0069
288 129.9 0.0066
288 135 0.0069
288 140.3 0.0076
288 150.5 0.006
288 175 0.0054
288 250.2 0.0041
288 499.8 0.0016
324 5.3 0.0142
324 18.1 0.0145
324 44.9 0.0126
324 75.6 0.0151
324 95.2 0.0117
324 109.6 0.011
324 124.7 0.0107
324 150 0.0069
324 177.5 0.0047
324 250.2 0.0035
38 5.7 0.0101
38 25 0.0142
38 45.5 0.017
38 74.9 0.0173
38 100.2 0.0151
38 120.1 0.0126
38 125.1 0.0117
38 130.4 0.0101
38 135.7 0.0107
38 140.2 0.0095
38 151.1 0.0082
38 173.9 0.0066
38 248.6 0.0041
63 5.4 0.0145
63 25 0.0142
63 45.4 0.0142
63 74.4 0.011
63 100.3 0.0093
63 125.6 0.006
63 150.2 0.0047
63 174.8 0.005
63 249.6 0.0038
63 499.9 0.0016
96 4.8 0.0117
96 24.5 0.0126
96 45.2 0.0129
96 74.4 0.0132
96 99.8 0.012
96 110.3 0.0132
96 124.2 0.0107
96 139.5 0.011
96 149.7 0.0095
96 159.4 0.0085
96 174.5 0.0063
96 249.6 0.0038
127 4.7 0.0199
127 25.1 0.0173
127 44.9 0.0186
127 101.1 0.0107
127 125.6 0.0069
127 159.2 0.0041
127 173.9 0.0054
127 250.8 0.0025
127 74.3 0.0101
127 5.4 0.0126
127 24.9 0.017
127 45.1 0.0117
127 74.5 0.0158
127 99.7 0.0167
127 124.7 0.0057
127 161.2 0.0028
127 177.3 0.0044
127 251.4 0.0025
211 4.7 0.0158
211 24.6 0.0132
211 45 0.011
211 75.9 0.0186
211 99.5 0.011
211 126.3 0.012
211 151.6 0.0044
211 174.2 0.0054
211 249.5 0.0035
211 499.7 0.0019
240 4.6 0.0177
240 9.9 0.0082
240 24.2 0.0183
240 44.1 0.0192
240 59.2 0.0202
240 74.5 0.0173
240 100.1 0.0164
240 109.1 0.0167
240 119.4 0.012
240 140.1 0.006
240 150.7 0.0063
240 175.9 0.0044
240 251.2 0.0035
270 4.2 0.0088
270 24.8 0.0114
270 45.2 0.0098
270 74 0.0132
270 100 0.011
270 124.6 0.0066
270 149.4 0.0038
270 174.5 0.0032
270 250.4 0.0035
299 4.6 0.0145
299 24.5 0.0114
299 44.8 0.0183
299 75.4 0.0189
299 89.9 0.0148
299 99.4 0.0104
299 105.6 0.0104
299 115.5 0.0088
299 124.4 0.0082
299 149.6 0.006
299 174.7 0.0032
299 200.1 0.0038
299 250.5 0.0035
299 499.1 0.0022
320 25.2 0.0114
320 44.8 0.0145
320 99.3 0.0047
320 5.1 0.0155
320 25.2 0.0177
320 44.6 0.0132
320 74.5 0.0129
320 95.1 0.0233
320 99.3 0.0164
320 109.7 0.0107
320 124.7 0.0123
320 150.1 0.0054
320 174.1 0.0044
16 4.1 0.0091
16 24.2 0.0136
16 43.9 0.018
16 74.3 0.018
16 94 0.0164
16 98.4 0.012
16 103.9 0.0142
16 113.9 0.0114
16 124.3 0.0104
16 147.8 0.0154
16 174.6 0.006
16 249.7 0.0035
16 499.9 0.0022
87 5.2 0.0145
87 24.7 0.0142
87 44.5 0.0139
87 75 0.0155
87 99 0.0126
87 124.1 0.011
87 149.7 0.0054
87 174.6 0.0041
87 250.9 0.0041
87 498.2 0.0019
115 4.3 0.0186
115 24.5 0.0145
115 45.2 0.0199
115 74.3 0.0132
115 100 0.0132
115 124 0.0132
115 135.3 0.012
115 150.4 0.0091
115 174.3 0.0047
115 248.2 0.0035
143 4.7 0.0155
143 25.2 0.0155
143 44.5 0.0151
143 74.4 0.0164
143 99.7 0.0073
143 125 0.017
143 150.6 0.0101
143 175.7 0.0044
144 248.8 0.0025
178 4.5 0.0192
178 24.4 0.0164
178 44.3 0.0145
178 74.4 0.0218
178 99 0.0192
178 124.8 0.0132
178 138.9 0.0139
178 149.5 0.0117
178 159.7 0.0057
178 175.2 0.0085
178 250.6 0.0047
178 486.1 0.0025
209 4.5 0.0132
209 24.8 0.0155
209 45.1 0.0145
209 75.3 0.0126
209 100 0.0114
209 119.4 0.0136
209 140 0.0079
209 150.2 0.0088
209 174.4 0.0035
209 249.1 0.0028
234 4.7 0.0214
234 24.5 0.0177
234 44.6 0.0208
234 74.3 0.0199
234 89.5 0.0164
234 99.3 0.0091
234 103.8 0.0132
234 109.6 0.0114
234 124.4 0.0088
234 129.5 0.0095
234 149.6 0.0073
234 249.8 0.0032
234 499.6 0.0022
276 4.4 0.0129
276 24.8 0.0173
276 44.3 0.0189
276 74.4 0.0183
276 99.4 0.0151
276 109 0.0139
276 124.4 0.0104
276 149.9 0.006
276 174.8 0.0063
276 249 0.0038
276 499.4 0.0025
304 3.7 0.0098
304 24.9 0.0151
304 44 0.0177
304 74.6 0.0186
304 99.2 0.0158
304 124.9 0.0101
304 149.6 0.0073
304 175.3 0.0063
304 250.7 0.0038
346 4.1 0.0123
346 24.2 0.0126
346 44.6 0.0104
346 74.7 0.0129
346 101.5 0.0132
346 126.2 0.0101
346 151.1 0.0073
346 176 0.0044
346 254.2 0.0025
8 5.1 0.0126
8 25.2 0.0129
8 44.8 0.0123
8 75.5 0.0082
8 99.8 0.0101
8 125.2 0.0047
8 150.4 0.0041
8 175.4 0.0041
8 250.1 0.0028
49 5.3 0.0126
49 24.8 0.0155
49 44.7 0.0155
49 74.6 0.0139
49 99.3 0.0126
49 115 0.0164
49 119.7 0.0142
49 124.6 0.0123
49 150.3 0.0073
49 175.4 0.0054
49 250 0.0038
71 4.3 0.0192
71 24.1 0.0189
71 45.2 0.018
71 75.2 0.0167
71 99.7 0.0192
71 109.3 0.0132
71 150 0.0054
71 174.8 0.0063
71 250.6 0.0038
99 4.2 0.0136
99 24.7 0.0123
99 45.2 0.017
99 74.2 0.0164
99 99.4 0.0066
99 124.4 0.0069
99 149.4 0.0044
99 175.5 0.0047
99 250.5 0.0025
99 498.9 0.0019
127 4.4 0.012
127 24.3 0.0126
127 44.2 0.0161
127 74.2 0.0126
127 99.9 0.0136
127 125.5 0.0104
127 150.3 0.0073
127 175.3 0.0063
127 251.3 0.0032
127 498.7 0.0016
155 5 0.0129
155 25.3 0.0167
155 45.1 0.0107
155 76 0.0095
155 98.4 0.0136
155 125.1 0.0091
155 139 0.0073
155 149.9 0.005
155 173.6 0.0041
155 249.2 0.0035
155 499.4 0.0016
190 4.8 0.0177
190 24 0.0151
190 44.8 0.0123
190 74.7 0.0117
190 99.8 0.0107
190 124.5 0.0057
190 174.5 0.0035
190 250.1 0.0032
215 4.8 0.0154
215 24.6 0.0142
215 44.1 0.0148
215 74.5 0.0129
215 99.9 0.0095
215 124.4 0.0076
215 150.1 0.0047
215 174.9 0.0047
215 249.4 0.0032
268 4.4 0.0151
268 24.3 0.0142
268 45.4 0.0148
268 73.6 0.0107
268 100.2 0.0101
268 123.5 0.0098
268 149.2 0.0069
268 174.9 0.0044
268 249.9 0.0028
268 498.9 0.0016
339 5.5 0.0167
339 25.9 0.0148
339 45.3 0.0126
339 74.9 0.0158
339 98.6 0.0145
339 125.9 0.0088
339 150.2 0.0069
339 176 0.0044
339 248.7 0.0025
11 5.3 0.0126
11 25.1 0.0088
11 46 0.0088
11 75.2 0.0139
11 101.3 0.0123
11 123.8 0.0117
11 151.3 0.0041
11 174.5 0.0035
11 248.8 0.0028
50 4.6 0.0145
50 24.5 0.0132
50 45.4 0.0098
50 74.2 0.0126
50 100 0.0129
50 124.1 0.012
50 149.3 0.0054
50 174.6 0.005
50 249.3 0.0035
77 4.9 0.0145
77 24.7 0.0123
77 45.5 0.0164
77 74.5 0.0136
77 100.2 0.011
77 124.7 0.0073
77 149.4 0.0079
77 175 0.0047
77 250.7 0.0032
77 499.9 0.0019
105 5.3 0.012
105 25 0.0085
105 45.4 0.0113
105 75 0.0104
105 99.1 0.0101
105 123.1 0.0069
105 148.9 0.0038
105 175.1 0.0025
105 249.1 0.0019
105 499.5 0.0016
133 5.3 0.0079
133 25.3 0.0076
133 44.5 0.0123
133 75.4 0.0123
133 100.1 0.0098
133 125.2 0.0085
133 150.8 0.006
133 175.9 0.0057
133 249 0.0028
169 4.8 0.0123
169 25 0.0117
169 45.4 0.0136
169 75.2 0.0139
169 109.7 0.0113
169 125 0.012
169 150.1 0.006
169 174.6 0.0044
169 499.9 0.0019
197 4.4 0.0154
197 25.2 0.0136
197 45.4 0.0151
197 99.5 0.0123
197 124.9 0.0117
197 149.6 0.0057
197 175.4 0.0041
197 250.7 0.0025
197 75.6 0.012
222 5.6 0.0167
222 25.2 0.0183
222 44.7 0.0183
222 75.1 0.0104
222 100.1 0.0088
222 124.7 0.0113
222 150.2 0.0063
222 173.6 0.006
222 250.6 0.0044
271 5.7 0.0136
271 25.1 0.0132
271 45 0.0139
271 75.6 0.0167
271 100.5 0.0129
271 125 0.0085
271 150.5 0.0041
271 175.4 0.0044
271 253.5 0.0025
271 499.8 0.0016
292 5.7 0.0164
292 25.6 0.0148
292 44.9 0.0136
292 75.5 0.0158
292 100.3 0.0145
292 125 0.0082
292 150 0.0088
292 174.7 0.0069
292 250.9 0.0041
315 5.9 0.0142
315 25.3 0.0148
315 45.6 0.0151
315 75.8 0.0139
315 100.5 0.0095
315 124.9 0.0091
315 150.6 0.0054
315 176 0.0032
315 251.4 0.0035
343 5.5 0.0148
343 26.1 0.0113
343 45.5 0.0129
343 75.9 0.018
343 100.6 0.0101
343 126.2 0.0073
343 152.3 0.0025
343 177.7 0.0035
343 249.3 0.0032
13 5.3 0.0183
13 26 0.0151
13 46.6 0.0132
13 75.8 0.0148
13 100.3 0.0129
13 126 0.0123
13 150.6 0.0091
13 175 0.0047
13 250.7 0.0025
49 6.4 0.0095
49 26.2 0.0113
49 45.7 0.0095
49 75.7 0.0073
49 100.8 0.0095
49 126.3 0.0091
49 149.8 0.0057
49 174.9 0.0032
49 250.1 0.0022
76 5.8 0.017
76 25.9 0.0142
76 46.4 0.0113
76 76 0.017
76 99.5 0.0161
76 125.8 0.0088
76 151.1 0.0088
76 176.6 0.0057
76 251.6 0.0035
76 499 0.0019
104 5.6 0.0142
104 24.2 0.0126
104 45.1 0.0136
104 75.7 0.0151
104 100.9 0.0132
104 123.9 0.0113
104 150.2 0.0063
104 175.4 0.0079
104 250.4 0.0047
195 5 0.0148
195 24.9 0.0132
195 44.8 0.0164
195 74.7 0.0192
195 99.9 0.0167
195 124.8 0.0142
195 150.3 0.0095
195 174.7 0.0104
195 249.9 0.0044
226 4.7 0.0129
226 24.9 0.0123
226 44.4 0.018
226 75.4 0.0151
226 100.3 0.0136
226 124.8 0.0088
226 150.4 0.0066
226 176.9 0.005
226 250.7 0.0025
226 499.9 0.0019
288 5.1 0.0158
288 24.9 0.0167
288 45 0.0139
288 74.5 0.0142
288 100.3 0.0126
288 125.4 0.0101
288 149.8 0.005
288 175 0.0047
288 250.7 0.005
288 499.8 0.0028
313 5.1 0.0154
313 24.6 0.0151
313 45 0.0136
313 75.2 0.0098
313 100.7 0.0095
313 126 0.006
313 149.8 0.005
313 175.1 0.0047
313 252 0.0028
349 4.6 0.0113
349 24.7 0.0139
349 44.7 0.011
349 75.4 0.0104
349 100 0.0069
349 124.5 0.0063
349 150.1 0.0019
349 174.4 0.0019
349 251.5 0.0019
349 498.7 0.0019
34 4.9 0.0132
34 24.9 0.0132
34 45.8 0.0113
34 75 0.0139
34 100.1 0.0129
34 125.3 0.0095
34 150 0.0047
34 175.4 0.0041
34 249.1 0.0032
34 499.6 0.0016
60 4.5 0.0142
60 25.5 0.0151
60 44.6 0.0145
60 76.2 0.0154
60 98.8 0.0113
60 124.2 0.0104
60 149.8 0.0076
60 175.3 0.0057
60 250.4 0.0038
60 499.2 0.0019
89 4.7 0.0136
89 25.1 0.0151
89 44.7 0.0148
89 75.3 0.0132
89 98.8 0.0091
89 126 0.0066
89 149.8 0.0054
89 175.2 0.0041
89 249 0.0035
89 499.8 0.0019
117 4.8 0.0142
117 24.7 0.0142
117 45 0.0158
117 76 0.0136
117 99.8 0.011
117 124.3 0.0076
117 149.8 0.0054
117 174.8 0.0041
117 249.6 0.0032
145 4.7 0.0114
145 24.3 0.0114
145 45.5 0.0114
145 74.1 0.0088
145 99 0.0101
145 125.3 0.0057
145 149.1 0.0032
145 174 0.0032
145 249.3 0.0028
172 29.6 0.0098
173 4.9 0.0095
173 24.6 0.0154
173 45 0.0189
173 74.9 0.0123
173 100.2 0.0076
173 125.4 0.0054
173 150.6 0.0028
173 175.3 0.0028
173 250.9 0.0025
173 498.5 0.0016
208 4.5 0.0208
208 25.4 0.0233
208 44 0.0164
208 75.2 0.0142
208 100 0.0132
208 125.2 0.0088
208 149.1 0.0057
208 175 0.005
208 253.4 0.0028
236 4.3 0.017
236 25.3 0.011
236 46.1 0.0069
236 74.3 0.0076
236 99.5 0.012
236 126.2 0.0082
236 149.5 0.0044
236 174.4 0.0035
236 251.2 0.0032
292 4.7 0.017
292 24.8 0.0113
292 44.6 0.0113
292 75.3 0.0126
292 99.7 0.0082
292 126.9 0.005
292 148.9 0.0041
292 173.8 0.0028
292 249.3 0.0022
335 5.1 0.0079
335 24 0.0158
335 44.7 0.0095
335 73.7 0.0107
335 99.5 0.0079
335 124 0.0044
335 150.1 0.0069
335 175.2 0.0032
335 198.8 0.0032
335 250.1 0.0016
335 350.7 0.0019
335 350.6 0.0022
355 4.3 0.0155
355 23.9 0.0123
355 44.4 0.0136
355 73.9 0.0095
355 99.1 0.011
355 124.4 0.0104
355 148.9 0.0032
355 173.2 0.0047
355 199.2 0.0041
355 249.1 0.0032
355 349.2 0.0016
355 349.1 0.0022
355 148.6 0.0069
17 3.9 0.0104
17 24.3 0.0107
17 43.5 0.0126
17 74.5 0.012
17 99.4 0.0079
17 124.2 0.0095
17 148.9 0.0095
17 174.7 0.0063
17 198.5 0.0047
17 248.7 0.0028
17 348.7 0.0019
17 348.6 0.0022
46 4.9 0.0142
46 23.9 0.0113
46 44.9 0.0136
46 75.2 0.0082
46 98.5 0.0076
46 125.8 0.0063
46 151.1 0.0041
46 174.4 0.0022
46 204.7 0.0028
46 252.8 0.0022
46 338.7 0.0016
46 339.4 0.0016
80 4.4 0.0095
80 25.2 0.0129
80 45.5 0.0173
80 75.4 0.012
80 99.8 0.0091
80 124.9 0.0123
80 149.9 0.0088
80 175.7 0.0057
80 198.9 0.0032
80 249.9 0.0032
80 350.5 0.0025
80 350.3 0.0022
108 3.5 0.0145
108 25.1 0.0123
108 45.1 0.0101
108 74.8 0.0091
108 98.9 0.012
108 123.2 0.0101
108 147.9 0.0101
108 173.4 0.0079
108 199.1 0.005
108 249 0.0025
108 349.3 0.0032
108 349.4 0.0032
137 4.5 0.0205
137 25.4 0.0177
137 44 0.0161
137 74.4 0.0142
137 99.4 0.0076
137 124.6 0.0104
137 149.7 0.005
137 175.1 0.0041
137 199.7 0.0022
137 249.3 0.0022
137 349.7 0.0019
137 349.7 0.0016
165 23.9 0.0095
165 44 0.012
165 73.9 0.0117
165 100 0.0113
165 124 0.0076
165 148 0.0028
165 173.3 0.0032
165 198.8 0.0028
165 250.5 0.0032
165 352.3 6e-04
165 352.2 0.0013
192 24.3 0.0148
192 44.2 0.0164
192 74.1 0.0129
192 99 0.0151
192 124.4 0.0085
192 150.3 0.0035
192 174 0.0054
192 198.6 0.0032
192 252.4 0.0022
192 355.1 0.0016
192 354.4 0.0028
221 4 0.0202
221 24.1 0.0205
221 44.6 0.0132
221 74.3 0.0158
221 99.4 0.0154
221 124.4 0.0076
221 149.2 0.0066
221 174.4 0.0035
221 200.5 0.0038
221 248.8 0.0038
221 349.9 0.0013
221 349.6 0.0022
275 5.1 0.0192
275 24.4 0.0177
275 45 0.0205
275 76.3 0.018
275 101.1 0.0154
275 124.8 0.0095
275 148.2 0.0069
275 171.8 0.005
275 198.7 0.0044
275 251 0.0032
275 348.4 0.0025
275 348.5 0.0028
296 5.7 0.0214
296 26.4 0.023
296 46.5 0.0243
296 75.2 0.0195
296 99.8 0.0142
296 125.8 0.0095
296 150.1 0.006
296 175.4 0.0038
296 202.9 0.0022
296 251.3 0.0038
296 353.1 0.0035
296 352.4 0.0038
321 4.1 0.0214
321 25.8 0.0221
321 45.2 0.0205
321 73.6 0.0167
321 100.7 0.0113
321 124 0.0088
321 148.9 0.0063
321 174.7 0.0054
321 201.8 0.0054
321 250.2 0.0038
321 351.9 0.0035
321 351.2 0.0028
349 4.3 0.0145
349 26.1 0.0142
349 44.6 0.0142
349 75.7 0.0145
349 99.7 0.0136
349 125.7 0.0054
349 148.8 0.0054
349 176.3 0.0041
349 199.4 0.0032
349 250.9 0.0035
349 350.1 0.0028
349 350.2 0.0022
16 4.5 0.0113
16 24.7 0.0151
16 44 0.0167
16 99.4 0.0085
16 125.3 0.0091
16 149.9 0.0057
16 173.8 0.0054
16 197.4 0.0041
16 249.8 0.0019
16 349.8 0.0025
16 350 0.0032
52 5.4 0.0142
52 24.8 0.0117
52 44.2 0.012
52 75.2 0.012
52 100.7 0.0123
52 124.6 0.0091
52 149.9 0.006
52 174 0.0047
52 200.3 0.0038
52 250.6 0.0028
52 351 0.0019
52 350.3 0.0028
72 4.1 0.012
72 25.4 0.0132
72 45.2 0.0139
72 74.5 0.011
72 99.4 0.011
72 124.3 0.0104
72 149.6 0.0076
72 174 0.0054
72 200.4 0.0038
72 249.8 0.0035
72 350.6 0.0022
72 350.3 0.0032
141 4.6 0.0069
141 24.7 0.0095
141 44.4 0.012
141 74.3 0.0082
141 99.9 0.0091
141 124.2 0.0101
141 144.6 0.0069
141 175.6 0.0041
141 201.6 0.0032
141 247.6 0.0022
141 350.6 0.0013
141 350 0.0022
181 3.8 0.011
181 24.1 0.0107
181 44.9 0.0123
181 73.6 0.0085
181 99.6 0.0066
181 123.9 0.0047
181 148.9 0.0032
181 174 0.0054
181 199.9 0.0025
180 250.6 0.0019
180 349.7 0.0013
180 349.6 0.0019
240 4.2 0.012
240 25.7 0.0126
240 44.1 0.0082
240 74.7 0.011
240 100 0.0107
240 126 0.0082
240 150.1 0.0038
240 175.4 0.0032
240 200.5 0.0041
240 249.8 0.0019
240 350.1 0.0016
240 350.2 0.0022
280 5.5 0.012
280 25.2 0.0132
280 44.9 0.0104
280 74.7 0.0085
280 99.1 0.0079
280 126.1 0.0057
280 149.8 0.0044
280 176 0.0019
280 199.6 0.0047
280 248.9 0.0025
280 350.1 0.0016
280 350.1 0.0013
308 4.5 0.0142
308 24.9 0.0189
308 45.1 0.0161
308 75.2 0.0091
308 99.9 0.0107
308 124.5 0.0069
308 149.7 0.006
308 175.3 0.0032
308 200.1 0.0038
308 249.6 0.0035
308 350.5 0.0019
308 350.3 0.0022
329 8.8 0.012
329 44.2 0.0139
329 74.5 0.0129
329 99.3 0.0079
329 124.1 0.0057
329 149.7 0.0035
329 174 0.0038
329 199.3 0.0032
329 250 0.0022
329 352.4 0.0019
353 5.6 0.0117
353 25.4 0.012
353 45.5 0.0136
353 74.8 0.0091
353 100.6 0.0098
353 124.5 0.0091
353 150 0.006
353 174.8 0.005
353 198.5 0.0041
353 250 0.0032
353 351.3 0.0025
353 351.2 0.0019
17 4.4 0.0126
17 23.2 0.0095
17 44.7 0.0101
17 75.8 0.0158
17 99.4 0.0148
17 125.4 0.0098
17 174.9 0.0032
17 199.3 0.0044
17 251.5 0.0019
17 349.5 0.0019
17 349.6 0.0025
17 148.8 0.0047
57 4.8 0.0142
57 23.6 0.0249
57 44.7 0.0126
57 72.8 0.0132
57 99.3 0.0082
57 122.3 0.0132
57 149.2 0.0091
57 174.5 0.006
57 199 0.0041
57 248.6 0.0035
57 349.6 0.0025
57 349.5 0.0028
88 10.9 0.0098
88 25.8 0.0107
88 45 0.0142
88 75.8 0.005
88 100.2 0.0091
88 125.7 0.0066
88 150.8 0.006
88 174.8 0.0028
88 198.9 0.0025
88 250.1 0.0022
88 349.3 0.0019
88 349.1 0.0019
114 4.8 0.0114
114 23.7 0.011
114 44 0.0132
114 76.4 0.0113
114 98.3 0.0091
114 122 0.0088
114 146.8 0.0041
114 171.9 0.0038
114 197.6 0.0013
114 248.9 0.0016
114 349.8 0.0013
114 349.6 0.0019
141 3.9 0.0129
141 24.4 0.0085
141 44.8 0.0098
141 73.4 0.0069
141 101.3 0.0073
141 122.7 0.0088
141 148.1 0.0066
141 174.1 0.0035
141 200.1 0.0032
141 248.8 0.0028
141 349.7 0.0013
141 349.7 0.0013
171 4.2 0.0095
171 24.4 0.0085
171 44.8 0.0098
171 74.8 0.012
171 100.5 0.0113
171 125.4 0.0091
171 149.4 0.0063
171 175 0.0044
171 199.4 0.0038
171 249.5 0.0047
171 348.9 0.0022
171 348.9 0.0022
201 4.2 0.0151
201 24.2 0.017
201 45.3 0.0221
201 73.3 0.0151
201 98 0.0101
201 124.2 0.0079
201 150 0.0066
201 176.9 0.0047
201 201.8 0.0032
201 249 0.0028
201 351.3 0.0022
201 350.6 0.0013
233 5.3 0.0069
233 25.8 0.0139
233 43.4 0.0088
233 73.4 0.0073
233 99.8 0.0202
233 126.8 0.012
233 150.8 0.0044
233 173.1 0.0054
233 199.3 0.0041
233 249.7 0.0032
233 349.5 0.0022
233 349.3 0.0025
288 5.3 0.0145
288 25.9 0.0142
288 44.6 0.0151
288 76.5 0.0076
288 100.8 0.0107
288 124.8 0.006
288 150.9 0.0063
288 175.9 0.005
288 201.5 0.0041
288 252 0.0035
288 349.4 0.0022
288 349.5 0.0028
314 7.7 0.0145
314 23.9 0.0117
314 45.6 0.0154
314 78.5 0.0139
314 96.8 0.0113
314 124.3 0.0079
314 151.5 0.0063
314 174.2 0.0047
314 199.7 0.0041
314 252.6 0.0041
314 351 0.0022
314 350.9 0.0022
354 5.5 0.0129
354 24.2 0.0104
354 44.1 0.0098
354 75.2 0.0113
354 97.7 0.006
354 125.9 0.0066
354 150.5 0.005
354 173.9 0.0041
354 200.5 0.0035
354 251 0.0038
354 352.4 0.0022
354 352.2 0.0035
22 3.9 0.0107
22 24 0.0107
22 44.1 0.011
22 74.5 0.0088
22 99.3 0.0091
22 123.9 0.0066
22 149.9 0.0044
22 174.7 0.0041
22 200.6 0.0025
22 249.8 0.0028
22 350.2 0.0016
22 350.3 0.0013
56 3.9 0.0117
56 24.5 0.0107
56 43.9 0.0079
56 73.1 0.017
56 98.9 0.0085
56 123.8 0.006
56 148.7 0.005
56 174.6 0.0035
56 203.6 0.0022
56 250.3 0.0028
56 357.4 0.0019
56 356.4 0.0025
80 5.6 0.0085
80 26.1 0.0123
80 44.4 0.0107
80 75.4 0.0095
80 99.2 0.0139
80 124.8 0.011
80 149.6 0.0091
80 174.4 0.0063
80 199 0.0038
80 249 0.0041
80 349.4 0.0025
80 349.4 0.0028
112 3.9 0.0145
112 24.1 0.0145
112 43.8 0.0123
112 74.2 0.0098
112 98.8 0.0142
112 123.7 0.0082
112 147.6 0.0057
112 173.9 0.0038
112 199.3 0.0047
112 249.6 0.0032
112 352 0.0032
112 351.4 0.0028
140 4.3 0.0123
140 24 0.0129
140 44.7 0.0142
140 75 0.0161
140 98.9 0.0126
140 124.4 0.0088
140 148.4 0.0047
140 174.3 0.0047
140 199.1 0.0044
140 249 0.0032
140 350.2 0.0022
140 350 0.0028
168 3.7 0.0161
168 23.9 0.0088
168 44 0.0104
168 74.7 0.0123
168 98.4 0.0088
168 123.7 0.0085
168 148.5 0.0069
168 171.4 0.0057
168 198.4 0.0035
168 249.2 0.0028
168 348.4 0.0019
168 348.3 0.0013
196 4.8 0.0148
196 24.8 0.0151
196 42.7 0.005
196 74.9 0.005
196 99.9 0.0035
196 125.5 0.0041
196 149.4 0.0073
196 174.5 0.0035
229 4.8 0.0136
229 24 0.0177
229 44.7 0.0155
229 75.1 0.0173
229 99.6 0.0098
229 124.1 0.0066
229 149 0.0028
229 174.3 0.0028
229 200.3 0.0028
229 248.9 0.0019
229 349.9 3e-04
229 349.8 0.0013
273 6.3 0.0107
273 25.9 0.011
273 45.9 0.0145
273 75.5 0.0136
273 100.1 0.0104
273 125.1 0.0088
273 150.4 0.0032
273 174.4 0.0025
273 199.5 0.0028
273 250 0.0028
273 349.3 0.0016
273 349.6 0.0019
305 4 0.0158
305 23.4 0.0104
305 45.3 0.0085
305 74.9 0.0079
305 99.3 0.0139
305 124 0.0044
305 149.5 0.0035
305 174.6 0.0022
305 199.8 0.0022
305 249.7 0.0022
305 348.4 0.0019
305 348.4 0.0013
334 5.2 0.0107
334 25.1 0.0145
334 45.2 0.0113
334 74.6 0.0069
334 98.9 0.006
334 125.1 0.0054
334 149.3 0.0028
334 174.8 0.0032
334 199.5 0.0073
334 250.6 0.0028
334 350.4 0.0016
334 350.4 0.0028
357 4.1 0.0101
357 25.3 0.0145
357 44.1 0.0107
357 74 0.0136
357 99.8 0.0085
357 122.9 0.0054
357 148.3 0.0044
357 174.8 0.0025
357 198.8 0.0025
357 249.1 0.0025
357 350 0.0019
357 349.9 0.0019
34 4.8 0.0101
34 24.9 0.0104
34 45.1 0.0082
34 75 0.0091
34 102.8 0.0073
34 125.9 0.0038
34 150.7 0.0044
34 175.2 0.0025
34 199.1 0.0022
34 249.6 0.0025
34 350.7 0.0016
34 350.7 0.0025
65 5.1 0.0069
65 25.5 0.0069
65 45.4 0.0076
65 76.8 0.0054
65 98.9 0.0069
65 125 0.0047
65 151 0.0028
65 175.4 0.0025
65 200.5 0.0022
65 250.2 0.0025
65 350 9e-04
65 349.5 9e-04
138 13 0.0076
138 25.1 0.0066
138 45.4 0.0095
138 75.5 0.0107
138 99.5 0.0104
138 124.5 0.0054
138 139.6 0.0044
138 174.4 0.0063
138 200 0.0028
138 250.5 0.0025
138 349.7 0.0019
138 349.8 0.0019
167 6.2 0.0095
167 24.5 0.0101
167 44.4 0.0136
167 74.9 0.0195
167 100.2 0.0139
167 125.1 0.0085
167 175.1 0.0028
167 199.8 0.0038
167 249.9 0.0019
167 349 0.0016
167 349 0.0019
198 6.4 0.0085
198 45 0.0082
198 74.7 0.0095
198 100.1 0.006
198 125.6 0.0066
198 149.7 0.0044
198 173.1 0.0028
198 200.4 0.0041
198 250.3 0.0016
198 349.9 9e-04
198 349.9 0.0022
227 23.3 0.0114
227 44.3 0.0136
227 75.4 0.0117
227 99.1 0.0107
227 124.5 0.0066
227 149.3 0.0079
227 173.8 0.005
227 199.5 0.0038
227 349.3 0.0016
227 349.3 0.0019
254 5.9 0.0148
254 24.8 0.0107
254 25 0.0107
254 46.3 0.0145
254 75.8 0.0095
254 99 0.0063
254 124 0.0044
254 149.5 0.0032
254 174.9 0.005
254 198.9 0.0028
254 249.1 0.0038
254 349.3 0.0025
254 349.2 0.0019
282 8 0.0098
282 24.9 0.0076
282 45.9 0.0104
282 74.3 0.0098
282 98.2 0.0132
282 124 0.0063
282 150.1 0.006
282 174.6 0.0038
282 198.6 0.0035
282 247.7 0.0032
282 349.4 0.0025
282 349.6 0.0025
317 5 0.0091
317 24.2 0.0085
317 44.1 0.0076
317 74.7 0.006
317 100 0.0073
317 123.8 0.0069
317 148.3 0.0025
317 173 0.0032
317 199.4 0.0025
317 249.3 9e-04
317 349 0.0013
317 349 0.0016
348 5.2 0.0076
348 24 0.0082
348 45.1 0.0107
348 75.8 0.0063
348 100.4 0.0107
348 126 0.0032
348 150.2 0.0054
348 175.5 0.0022
348 200.9 0.0054
348 249.7 0.0035
348 352.2 0.0016
348 352.1 0.0016
26 9.1 0.0107
26 27.3 0.0076
26 45.8 0.0123
26 74.2 0.0085
26 99.6 0.0076
26 127 0.0038
26 150.2 0.0028
26 173.5 0.0038
26 199.4 0.0022
26 248.8 0.0016
26 351.2 0.0013
47 7.6 0.0073
47 24.7 0.0063
47 45.9 0.0079
47 74 0.0044
47 98.9 0.0057
47 123.2 0.0032
47 147.5 0.0022
47 173.9 0.0013
47 198.4 0.0019
47 249.4 0.0016
47 351.4 0.0013
47 351.1 0.0016
68 6.5 0.0104
68 27.5 0.0091
68 43.5 0.0088
68 76.9 0.005
68 99.7 0.0044
68 124.9 0.0038
68 151 0.0044
68 173.4 0.0019
68 199.3 0.0022
68 249.9 0.0022
68 349.5 9e-04
68 350.1 0.0019
93 8.5 0.0104
93 25 0.0088
93 45.2 0.0117
93 74.6 0.017
93 100.3 0.0142
93 124.6 0.0085
93 150.4 0.0057
93 176 0.0069
93 199 0.005
93 248.9 0.0035
93 350.2 0.0022
93 350.2 0.0013
148 8.3 0.0095
148 25.5 0.0113
148 44.7 0.012
148 74.6 0.0107
148 99.9 0.0136
148 126.2 0.0054
148 151.1 0.0032
148 176.3 0.0047
148 200.5 0.0025
148 252 0.0022
148 351.4 0.0019
148 351.7 9e-04
166 8.3 0.0107
166 24.7 0.0057
166 43.8 0.0079
166 75.8 0.0123
166 101.4 0.0104
166 125.3 0.0066
166 149.4 0.0044
166 175.3 0.0041
166 199.4 0.0025
166 249.7 0.0025
166 350.6 0.0022
166 350.6 0.0019
195 8.4 0.0098
195 24.7 0.011
195 45 0.0126
195 74.8 0.0113
195 100 0.0082
195 125 0.0091
195 149.7 0.006
195 175.5 0.0038
195 199.6 0.0041
195 249.4 0.0028
195 349.9 0.0022
195 349.9 0.0025
222 7.3 0.0091
222 24.7 0.0098
222 44.5 0.0154
222 75 0.0208
222 99.7 0.0101
222 124.7 0.0085
222 149.6 0.0057
222 175.1 0.0047
222 200.6 0.0032
222 249.5 0.0035
222 350.4 0.0025
222 349.9 0.0016
260 5.3 0.0098
260 24.9 0.0085
260 44.8 0.0104
260 75 0.0091
260 100.3 0.0069
260 125.3 0.0044
260 150.4 0.0028
260 175.5 0.0025
260 200.7 0.0025
260 249.2 0.0016
260 349.1 0.0013
260 349 0.0019
295 6.2 0.0095
295 24.6 0.0104
295 45.4 0.0126
295 73.9 0.0104
295 100.3 0.0057
295 123.5 0.0054
295 148.6 0.0038
295 177.5 0.0028
295 203 0.0028
295 251.2 0.0019
295 350.6 0.0013
295 351.2 0.0019
314 6.5 0.0117
314 24.8 0.0082
314 46 0.005
314 74.6 0.0076
314 99.5 0.005
314 124.4 0.0038
314 151.1 0.0028
314 176 0.0022
314 200.7 0.0016
314 250.8 0.0019
314 350.3 0.0013
314 350 0.0016
345 8.3 0.0076
345 23.3 0.0073
345 45.6 0.005
345 73.5 0.0047
345 101.3 0.0038
345 126.2 0.005
345 149.9 0.0025
345 174.7 0.0025
345 199.4 0.0025
345 249.2 0.0016
345 347.6 0.0016
345 347.4 0.0013
39 4.9 0.005
39 25.8 0.0073
39 44.4 0.0069
39 75.5 0.006
39 100 0.0088
39 124.5 0.005
39 150.6 0.0028
39 174.3 0.0025
39 199.9 0.0016
39 249.1 0.0016
39 350 6e-04
39 349.9 9e-04
81 4.9 0.0057
81 24.7 0.0082
81 44.8 0.0098
81 74.7 0.0025
81 100.4 0.0136
81 126.8 0.0073
81 154.8 0.0041
81 177.8 0.0044
81 199 0.0047
81 253.4 0.0025
81 347.9 0.0016
81 347.7 0.0016
126 8.4 0.0035
126 25.7 0.0104
126 44 0.0101
126 74.2 0.0164
126 100.8 0.0069
126 125.1 0.0088
126 149.2 0.0063
126 174.8 0.0054
126 200.7 0.0032
126 250 0.0028
126 350.1 0.0016
126 350.1 0.0016
190 7 0.0142
190 25.4 0.0095
190 45.5 0.0173
190 74.9 0.0098
190 100 0.0123
190 125 0.0066
190 150 0.0032
190 175.4 0.0032
190 199.8 0.0025
190 250.3 0.0025
190 349.8 0.0016
190 349.9 0.0019
217 7.5 0.0129
217 25 0.0123
217 45 0.0117
217 75.2 0.0132
217 99.8 0.0085
217 124.4 0.0107
217 151.5 0.0073
217 175.8 0.0044
217 199.5 0.0035
217 249.9 0.0028
217 350.7 0.0028
217 350.7 0.0019
247 6.3 0.0069
247 26 0.0079
247 46.1 0.0164
247 76.4 0.0107
247 100 0.0063
247 125.2 0.0082
247 150.8 0.0041
247 174.7 0.0047
247 200.9 0.0032
247 252.1 0.0025
247 350.1 9e-04
247 350.1 0.0025
276 6.4 0.0091
276 25 0.0101
276 45.1 0.0151
276 75.2 0.0076
276 100.5 0.011
276 126.6 0.0057
276 150.4 0.0073
276 174.6 0.0028
276 200.2 6e-04
276 250.8 9e-04
276 351.3 0.0019
276 351.3 0.0016
336 5.8 0.0082
336 25.3 0.012
336 45.5 0.0104
336 75.6 0.0054
336 100.6 0.0079
336 123.7 0.0028
336 148.8 0.0038
336 175.5 0.0016
336 199.8 0.0025
336 249.4 0.0022
336 352 0.0019
336 351.7 9e-04
355 6.3 0.0079
355 25.3 0.0101
355 46 0.005
355 76 0.0035
355 100.4 0.0063
355 125.4 0.0047
355 149.5 0.0047
355 175.4 0.0038
355 200.2 0.0047
355 250.8 0.0022
355 349.6 0.0022
355 349.5 9e-04
30 5.9 0.0066
30 25 0.0091
30 45.1 0.006
30 74.4 0.0063
30 101.4 0.011
30 125 0.0085
30 148.3 0.0022
30 174.2 0.0022
30 249.6 0.0022
30 351.9 0.0013
30 351.6 0.0016
55 7.3 0.0139
55 26 0.0076
55 45.5 0.0079
55 75.9 0.0041
55 99 0.0079
55 124.7 0.0047
55 150.4 0.0047
55 176 0.0016
55 200 0.0022
55 250.2 0.0013
55 350.1 0.0019
55 350.2 0.0016
149 7 0.0095
149 25.8 0.0126
149 45.8 0.0107
149 75.4 0.0098
149 100.3 0.0088
149 125.3 0.0063
149 149.7 0.0035
149 175 0.0019
149 199.6 0.0025
149 249.9 0.0019
149 349.9 0.0019
149 350 0.0019
178 6.3 0.011
178 25.2 0.0063
178 44.7 0.006
178 74.7 0.0085
178 100.3 0.012
178 125.1 0.0082
178 149.6 0.0038
178 175.4 0.0028
178 200.4 0.0035
178 249.9 0.0016
178 349.8 9e-04
178 349.9 0.0013
209 5.9 0.0073
209 25.1 0.011
209 45 0.0195
209 75 0.0126
209 99.8 0.0076
209 125.1 0.0063
209 149.5 0.0032
209 174.6 0.0032
209 199.5 0.0028
209 249.5 0.0016
209 349.7 0.0013
209 349.7 0.0016
230 7.8 0.012
230 24.6 0.0114
230 45 0.0117
230 75.1 0.0107
230 100.8 0.0076
230 123.4 0.0047
230 149.2 0.0044
230 174.9 0.0025
230 199.7 0.0035
230 249.7 0.0019
230 349.8 0.0016
230 349.8 0.0016
285 6.7 0.0173
285 25.7 0.0195
285 44.3 0.0161
285 75.2 0.0117
285 100.8 0.0085
285 123.9 0.0047
285 149.5 0.0073
285 174.4 0.0038
285 199.8 0.0022
285 250.9 0.0019
285 349.5 0.0022
285 349.5 0.0019
336 8.2 0.0139
336 24.8 0.011
336 45.6 0.0129
336 75.3 0.0107
336 100.2 0.0085
336 124.5 0.0047
336 148.9 0.0035
336 173.7 0.0019
336 200.7 0.0035
336 251.4 0.0019
336 349.2 0.0016
336 349.1 0.0013
21 7.5 0.006
21 25.2 0.0073
21 44.9 0.0088
21 76.2 0.0085
21 100.4 0.0054
21 124.4 0.0047
21 174.8 0.0025
21 199.6 0.0019
21 250.3 0.0019
21 350.1 9e-04
21 350.1 9e-04
49 8.5 0.0085
49 24.7 0.0076
49 43.7 0.0073
49 75.3 0.0069
49 100.7 0.0066
49 123.2 0.0044
49 147.9 0.0038
49 173.9 0.0028
49 199.7 0.0025
49 250.3 0.0022
49 349.2 0.0013
49 349.3 0.0013
119 4.3 0.017
119 23.9 0.012
119 45.4 0.0104
119 74.9 0.0073
119 100.1 0.0082
119 126.4 0.0066
119 150.7 0.005
119 175 0.0044
119 200.9 0.0038
119 250.7 0.0025
119 351.2 0.0016
148 5.4 0.0091
148 25 0.0101
148 45.1 0.0085
148 75.6 0.0079
148 100.1 0.0079
148 125.4 0.0066
148 150.2 0.0057
148 174.6 0.0054
148 201.4 0.0054
148 251.4 0.0025
148 349.8 0.0022
148 349.9 0.0032
185 25.7 0.0098
185 25.7 0.0123
185 74.9 0.0158
185 99.5 0.0101
185 99.5 0.0107
185 123.8 0.0076
185 148.7 0.0066
185 175.3 0.005
185 200.2 0.0041
185 249 0.0032
185 348.7 0.0025
185 348.6 0.0025
206 15.9 0.0117
206 15.8 0.0098
206 16 0.0154
206 25 0.0151
206 46.3 0.0205
206 125 0.0095
206 150.1 0.0073
206 174.9 0.0044
206 199.6 0.0035
206 250.5 0.0025
206 349.9 0.0019
206 350 0.0022
206 8.1 0.012
206 25.7 0.0101
206 44 0.0154
206 74.5 0.0151
206 100.3 0.0208
206 124.9 0.0098
206 149.6 0.0073
206 174.1 0.0044
206 199.5 0.0035
206 250.3 0.0025
206 350.2 0.0019
206 350.1 0.0022
231 7.6 0.0139
231 27.7 0.011
231 44.6 0.012
231 75.5 0.0236
231 100 0.0129
231 126 0.0082
231 175.5 0.0057
231 200.5 0.0038
231 249.3 0.006
231 349.1 0.0025
231 349.3 0.0028
268 4.9 0.0047
268 25.2 0.0069
268 46.1 0.0016
268 75.9 0.0044
268 126 0.0035
268 150.4 0.0022
268 174.4 6e-04
268 200.2 0.0019
268 249.3 0.0019
268 350.1 0.0019
268 349.6 0.0028
308 4.9 0.0082
308 24.8 0.0082
308 74.6 0.0082
308 101.4 0.0079
308 123.3 0.0054
308 151.1 0.0035
308 174.5 0.0113
308 200.9 0.0013
308 350.3 6e-04
308 350.2 6e-04
344 4.9 0.0069
344 24.1 0.0066
344 44.6 0.0047
344 73.8 0.0047
344 98.8 0.0022
344 124 0.0028
344 175.4 0.0022
344 199.8 0.0016
344 251.1 0.0016
344 350.7 9e-04
344 350.8 0.0013
69 4.9 0.0104
69 25.3 0.0082
69 46.3 0.0054
69 104.8 0.0066
69 126.7 0.005
69 149.4 0.0022
69 170.6 0.0158
69 199.3 0.0255
69 253.1 0.0019
69 349.3 0.0016
69 349.6 0.0095
97 5.6 0.0098
97 23.8 0.0104
97 44.3 0.0098
97 75.6 0.0066
97 101.6 0.0069
97 124.8 0.0038
97 149.4 0.0025
97 174.3 0.0022
97 198.9 0.0025
97 251.4 0.017
97 351.5 0.017
97 351.6 0.0148
139 5.2 0.0126
139 24.6 0.011
139 44.7 0.0095
139 75.1 0.0085
139 99.9 0.0063
139 127.7 0.0072
139 149.6 0.0057
139 174.1 0.0022
139 202.1 0.0028
139 251.3 0.0025
139 351.5 0.0013
139 351.1 0.0107
160 4.8 0.012
160 25.2 0.0132
160 44.8 0.0107
160 76.1 0.0101
160 102.7 0.0082
160 124.5 0.0104
160 148.2 0.0038
160 178.5 0.0025
160 202.6 0.0025
160 256.7 0.0019
160 349.5 0.0032
160 349 0.0016
190 5.6 0.011
190 25.5 0.0088
190 46.2 0.0088
190 75.8 0.011
190 100.8 0.0082
190 125.5 0.0107
190 149.5 0.0035
190 175 0.0022
190 200.8 6e-04
190 250.4 0.0019
190 350.3 9e-04
190 350.3 0.0025
220 7.2 0.0085
220 25.6 0.0098
220 45.7 0.0117
220 74.5 0.0085
220 100.5 0.0098
220 125.7 0.006
220 150.6 0.0035
220 175.3 0.0041
220 200.1 0.0019
220 250.3 0.0028
220 350.5 0.0025
247 6.6 0.006
247 25.6 0.0101
247 45.3 0.0069
247 75.3 0.0082
247 100.9 0.0073
247 125.4 0.0057
247 151.4 0.0028
247 175.7 0.0032
247 200.6 0.0028
247 251.5 0.0019
247 349.1 9e-04
247 349.2 0.0016
277 5.5 0.0095
277 25.3 0.0057
277 43.8 0.006
277 75.5 0.0038
277 100.9 0.0041
277 124.9 0.0032
277 149.1 0.0028
277 173.8 9e-04
277 200.8 6e-04
277 249.4 0.0013
277 350.9 6e-04
326 4.8 0.0028
326 24.9 0.0063
326 43.9 0.0066
326 74.4 0.0076
326 100.3 0.0022
326 124.6 0.0032
326 150.6 0.0028
326 174.7 0.0016
326 200 9e-04
326 349.4 0.0013
29 5.6 0.0085
29 25.4 0.0076
29 45.1 0.0076
29 75.2 0.006
29 99.5 0.0095
29 125.1 0.0035
29 150.3 0.0032
29 175.4 0.0047
29 199.5 0.0019
29 250.5 9e-04
29 349.6 6e-04
29 349.6 0.0013
60 7.5 0.005
60 24.3 0.0069
60 45.1 0.0072
60 75.1 0.0069
60 100.1 0.0044
60 124.6 0.0047
60 148.7 0.0032
60 175.6 0.0019
60 200.8 0.0019
60 248 0.0013
60 350.2 9e-04
60 350.2 6e-04
102 8.6 0.0091
102 25 0.0085
102 44.6 0.0104
102 75.1 0.0069
102 99.8 0.0073
102 126.5 0.0066
102 151.5 0.0032
102 175.5 0.0066
102 199.3 9e-04
102 251.3 0.0013
102 348.7 0.0013
102 348.8 0.0019
130 6.1 0.0085
130 25.3 0.011
130 44.9 0.0076
130 73.9 0.0082
130 100 0.0069
130 124.1 0.005
130 149.7 0.0032
130 174.7 0.0025
130 200 0.0038
130 249.9 0.0022
130 349.8 0.0019
130 349.8 0.0022
201 4.1 0.0085
201 24.9 0.0069
201 44.1 0.0085
201 74.4 0.0167
201 98.9 0.0104
201 124.5 0.0101
201 149.3 0.0076
201 174.5 0.0041
201 199.1 0.0016
201 249.1 0.0013
201 348.7 0.0041
201 348.8 6e-04
244 6.1 0.0218
244 24.6 0.0158
244 44.3 0.017
244 74.7 0.0113
244 99.7 0.012
244 124.1 0.0044
244 148.9 0.0038
244 174 0.0028
244 199.7 0.0022
244 249.5 0.0028
244 349.3 0.0019
244 349.3 0.0019
270 6.5 0.0132
270 26.7 0.0145
270 44.9 0.0145
270 75 0.0142
270 98.8 0.0136
270 125 0.0066
270 149.8 0.0047
270 175.1 0.0032
270 200.3 0.0025
270 250.6 0.0016
270 349.9 0.0016
309 4.8 0.0183
309 24.4 0.0142
309 44.3 0.017
309 76.2 0.0161
309 99.6 0.0085
309 124.3 0.0069
309 149 0.0066
309 173.5 0.0044
309 199.8 0.0063
309 250.3 0.0044
309 350.4 0.0022
309 350.4 0.0022
333 4.9 0.0177
333 25.8 0.0161
333 76.3 0.0164
333 100.4 0.0164
333 124.4 0.0227
333 152.2 0.0063
333 174.2 0.006
333 195 0.006
333 246.1 0.0041
333 352 0.0025
333 351.8 0.0025
354 4.7 0.0164
354 24.2 0.0151
354 45 0.0161
354 74.8 0.0139
354 101.5 0.0154
354 123.9 0.011
354 149.5 0.0047
354 174.5 0.0044
354 200.2 0.0032
354 249.8 0.0032
354 348.2 0.0025
354 348.8 0.0025
19 5.3 0.0161
19 24.5 0.0104
19 45.3 0.0154
19 73.4 0.0145
19 99.8 0.0129
19 126.3 0.0107
19 149.2 0.006
19 175.7 0.0044
19 202.2 0.0032
19 355.2 0.0022
19 354 0.0022
86 5.5 0.0145
86 25.1 0.0136
86 45.4 0.0154
86 75.4 0.0142
86 99.3 0.0129
86 124.3 0.0076
86 150.1 0.0016
86 174.3 0.0016
86 200 6e-04
86 249.8 0.0028
86 349.5 0.0016
86 349.3 0.0025
123 5.1 0.0148
123 25.1 0.0142
123 46.1 0.0189
123 76.1 0.0142
123 125.1 0.012
123 149.8 0.0076
123 176.5 0.006
123 201.3 0.0044
123 249.4 0.0035
123 352.2 0.0022
123 351.9 0.0025
152 5.5 0.0142
152 25.4 0.0161
152 44.5 0.017
152 74.6 0.0154
152 100.6 0.017
152 125.2 0.0113
152 150.8 0.0101
152 175.9 0.0073
152 201 0.0044
152 250 0.0035
152 351.9 0.0025
152 352.1 0.0022
179 5.7 0.0082
179 25.6 0.0164
179 44.5 0.0192
179 73.8 0.0117
179 100.5 0.0142
179 125.3 0.0136
179 148.5 0.0073
179 175 0.0057
179 199.5 0.0054
179 250.5 0.0032
179 347.7 0.0022
179 348 0.0022
214 10.4 0.0151
214 25.7 0.0154
214 45.6 0.0167
214 75.3 0.0189
214 100.4 0.017
214 125.4 0.0129
214 150 0.0095
214 175 0.0073
214 200.3 0.006
214 250.8 0.0041
214 350.5 0.0025
214 350.5 0.0032
231 5.4 0.0167
231 25.4 0.0177
231 45.2 0.0202
231 75.4 0.0186
231 100.1 0.0132
231 125 0.0145
231 150.5 0.0113
231 175.2 0.0079
231 200.8 0.0057
231 251.1 0.0013
231 350.4 0.0025
231 350.3 0.0028
259 25.2 0.0154
259 45.3 0.0151
259 74.9 0.0173
259 100.3 0.0129
259 125.4 0.011
259 150.5 0.0085
259 175.5 0.0069
259 200.4 0.0057
259 250.7 0.0038
259 350.4 0.0025
259 350.1 0.0025
282 5.3 0.017
282 25.4 0.0161
282 45.6 0.0161
282 74.7 0.0177
282 100.3 0.0132
282 124.4 0.0091
282 149.6 0.006
282 174.6 0.0054
282 200.2 0.0047
282 249.1 0.0035
282 350.1 0.0025
282 350.2 0.0035
339 6.9 0.0148
339 25.6 0.0148
339 43.3 0.0132
339 76.3 0.0148
339 100.1 0.0132
339 124.8 0.0098
339 150.2 0.0073
339 176.6 0.0057
339 200.6 0.005
339 249.3 0.0035
339 352 0.0041
339 352.2 0.0025
44 7.7 0.0161
44 24.7 0.0161
44 44.6 0.0167
44 74.3 0.0136
44 100.7 0.0126
44 125.4 0.012
44 150.8 0.0085
44 176.3 0.006
44 200.5 0.005
44 250.6 0.0035
44 350.6 0.0025
66 6 0.0158
66 26.1 0.0145
66 45.5 0.0145
66 74.8 0.0154
66 100.2 0.0113
66 126.1 0.0104
66 150.8 0.0088
66 175.9 0.006
66 200.1 0.0054
66 250.4 0.0038
66 350.1 0.0025
66 350.7 0.0022
96 5.3 0.0148
96 25.9 0.0164
96 45.8 0.0145
96 75.7 0.0145
96 101 0.0129
96 125.5 0.0107
96 150.9 0.0076
96 175.8 0.0072
96 200.2 0.005
96 251.3 0.0035
96 350.9 0.0019
96 350.9 0.0025
138 7.1 0.0145
138 25.3 0.0129
138 46 0.0151
138 74.6 0.0151
138 100.8 0.0136
138 124.9 0.0104
138 149.2 0.0085
138 174.7 0.0069
138 200.8 0.006
138 249.9 0.0038
138 350.7 0.0025
138 350.8 0.0025
177 6.9 0.0158
177 25.5 0.0142
177 45.5 0.0148
177 74.6 0.0173
177 100.5 0.0164
177 125.7 0.0145
177 149.9 0.012
177 176.3 0.0069
177 200.7 0.0057
177 250.6 0.0041
177 349.8 0.0025
177 349.6 0.0025
255 7.3 0.0123
255 25.6 0.0164
255 45.9 0.0113
255 74.9 0.0164
255 100.4 0.0123
255 149.2 0.006
255 176.2 0.0047
255 250 0.0028
255 350.7 0.0028
255 350.4 6e-04
275 7 0.0199
275 24.9 0.0186
275 44.9 0.0167
275 75 0.0164
275 101.6 0.0123
275 126.2 0.0085
275 150.2 0.005
275 174.5 0.0047
275 200.6 0.0044
275 250.6 0.0028
275 350.4 0.0025
275 350.4 0.0025
301 7 0.0173
301 25.7 0.0161
301 45.2 0.0154
301 75.8 0.017
301 100 0.0113
301 125.5 0.0088
301 150.2 0.0063
301 175.2 0.005
301 200.1 0.0041
301 250.5 0.0035
301 350.4 0.0025
301 350.9 0.0025
331 5.9 0.0161
331 25.2 0.0154
331 44.9 0.0164
331 75.1 0.0142
331 100.9 0.0085
331 125.1 0.0066
331 149.8 0.0057
331 175.8 0.005
331 199.5 0.0035
331 250.3 0.0013
331 350.3 0.0022
331 350.3 9e-04
355 7.7 0.012
355 25 0.0142
355 44.7 0.0148
355 75.3 0.0132
355 101.4 0.0129
355 125.3 0.0073
355 150.6 0.0057
355 176.1 0.0044
355 251.5 0.0032
355 349.9 0.0025
16 6.5 0.0129
16 25.2 0.0126
16 45.7 0.0123
16 100.5 0.0088
16 124.9 0.0107
16 150.3 0.006
16 175.3 0.0047
16 200.5 0.0041
16 250.5 0.0025
16 350.7 0.0022
16 351 0.0025
46 5.6 0.0132
46 25.2 0.0132
46 49 0.0132
46 76.3 0.0145
46 101.8 0.0117
46 125 0.0066
46 150.7 0.005
46 176.1 0.0038
46 201.7 0.0038
46 251 0.0028
46 351.6 0.0025
46 351.5 0.0022
65 5.6 0.0164
65 26 0.017
65 45.3 0.0158
65 74.7 0.0139
65 100.7 0.0132
65 123.9 0.0101
65 150.8 0.0047
65 175.4 0.0038
65 200.6 0.0041
65 249.7 0.0028
65 351.4 0.0022
65 351.4 0.0022
152 5.4 0.0177
152 26 0.017
152 46.8 0.0161
152 99.8 0.0139
152 126.2 0.0113
152 150.8 0.0066
152 174.8 0.005
152 199.1 0.005
152 252.6 0.0038
152 349.6 0.0038
152 349.7 0.0028
182 5.3 0.0189
182 24.9 0.0199
182 44.9 0.0202
182 74 0.0164
182 100 0.0129
182 125 0.0123
182 149.9 0.0073
182 174.4 0.006
182 199.9 0.0047
182 250.4 0.0035
182 350.3 0.0025
182 350.4 0.0025
258 24.8 0.0199
258 44.4 0.0195
258 75.2 0.018
258 99.9 0.018
258 124.6 0.012
258 150.3 0.0066
258 174.4 0.0063
258 200.1 0.0063
258 249.9 0.0047
258 349.8 0.0028
258 349.8 0.0028
287 6.4 0.0214
287 25.3 0.0199
287 45.5 0.0211
287 74.1 0.0208
287 101.5 0.0173
287 125.5 0.0113
287 149.7 0.0098
287 174.1 0.0066
287 200.9 0.006
287 249.6 0.005
287 350.6 0.0028
287 350.7 0.0035
326 4.5 0.0173
326 24.9 0.0161
326 44.8 0.0202
326 75 0.0192
326 99.9 0.0136
326 124.6 0.0101
326 149.7 0.0066
326 176.6 0.005
326 199.1 0.0095
326 250.6 0.0038
326 349.7 0.0038
326 350.2 0.0028
351 5.7 0.0136
351 25 0.0132
351 44.9 0.0148
351 74.6 0.0145
351 99.9 0.0148
351 124.6 0.0085
351 150.5 0.0057
351 174.8 0.0057
351 200.1 0.0044
351 249.7 0.0041
351 350.3 0.0028
351 350.2 0.0016
56 5.3 0.018
56 24.5 0.0164
56 45.4 0.0154
56 75.3 0.018
56 103.9 0.0158
56 122 0.0145
56 150.5 0.011
56 175.9 0.0069
56 197.8 0.0038
56 254.1 0.0035
56 355.7 0.0016
56 354.4 0.0016
89 4.6 0.0142
89 24.6 0.0142
89 45.1 0.0151
89 74.3 0.0145
89 98.8 0.0132
89 125.6 0.0132
89 150.3 0.0095
89 199.8 0.0044
89 252 0.0041
89 348.1 0.0028
89 348.4 0.0028
112 7.5 0.0148
112 24.9 0.0123
112 43.9 0.0104
112 74.8 0.0082
112 100.3 0.0104
112 124.9 0.006
112 174.3 0.0044
112 200.3 0.0032
112 250.5 0.0038
112 349.6 0.0032
112 349.7 0.0035
144 5.5 0.0145
144 25.2 0.0136
144 44.7 0.0142
144 76.9 0.0151
144 100.1 0.0154
144 125.3 0.0142
144 150.1 0.011
144 176.9 0.0085
144 199.5 0.0066
144 247.4 0.0044
144 349.9 0.0022
144 349.8 0.0019
171 6.8 0.0117
171 25.4 0.0167
171 45.1 0.012
171 75.4 0.012
171 100 0.0104
171 124.6 0.0085
171 174.2 0.0047
171 199.6 0.0047
171 249 0.0041
171 350.3 0.0019
171 350.4 0.0022
201 5.8 0.0113
201 25.4 0.0136
201 45.8 0.0183
201 75.3 0.0151
201 101.6 0.0098
201 126.7 0.0117
201 151.6 0.0069
201 175.7 0.006
201 200.5 0.0032
201 250.2 0.0025
201 350.7 0.0019
201 350.4 0.0019
225 5.1 0.0113
225 24.9 0.0183
225 45 0.0139
225 74.5 0.0136
225 99.9 0.0123
225 127.2 0.0104
225 151.4 0.0057
225 174 0.0041
225 200.4 0.0047
225 250.6 0.0032
225 351 0.0022
225 351.1 0.0019
287 5.8 0.0158
287 24.9 0.0139
287 45.1 0.0167
287 76 0.0167
287 100 0.0142
287 124.9 0.0085
287 151.1 0.006
287 176.5 0.0227
287 199.5 0.0038
287 352 0.0016
287 351.8 0.0022
318 5.8 0.0167
318 24.6 0.0243
318 45.2 0.0202
318 74.9 0.0195
318 99.1 0.0173
318 124.4 0.0095
318 152 0.0044
318 177.7 0.0032
318 199.2 0.0038
318 249.9 0.0047
318 349.8 0.0025
318 350.3 0.0025
343 4.7 0.0095
343 25.2 0.017
343 45.5 0.0132
343 73.9 0.0161
343 100 0.0145
343 124.1 0.0088
343 174.9 0.0082
343 201.1 0.0044
343 249.7 0.0038
343 349.4 0.0019
343 349.3 0.0022
